ElapsedTime,CPUTime
0.09000015258789062,0.04000000000000001
0.09000015258789062,0.04000000000000001
0.09000015258789062,0.03
0.09000015258789062,0.04000000000000001
0.10000014305114746,0.04000000000000001
0.08999991416931152,0.04000000000000001
0.08999991416931152,0.04000000000000001
0.08999991416931152,0.030000000000000006
0.08999991416931152,0.04000000000000001
0.09999990463256836,0.04000000000000001
Average,0.09200003147125244,0.03800000000000001
