Query: query1
384, 415
128, 498
128, 386
1, 256
1, 128
1, 384
1, 385
1, 129
1, 257
1, 2
1, 386
1, 258
1, 130
1, 3
1, 131
1, 259
1, 387
1, 4
1, 132
1, 388
1, 260
1, 261
1, 133
1, 389
1, 5
1, 134
1, 262
1, 390
1, 6
1, 7
1, 263
1, 135
1, 391
1, 264
1, 136
1, 8
1, 392
1, 9
1, 265
1, 393
1, 137
1, 266
1, 138
1, 394
1, 10
1, 395
1, 139
1, 267
1, 11
1, 396
1, 12
1, 140
1, 268
1, 13
1, 397
1, 141
1, 269
1, 142
1, 398
1, 270
1, 14
1, 271
1, 143
1, 15
1, 399
1, 144
1, 16
1, 400
1, 272
1, 145
1, 17
1, 273
1, 401
1, 402
1, 274
1, 146
1, 18
1, 147
1, 403
1, 275
1, 19
1, 276
1, 404
1, 148
1, 20
1, 405
1, 149
1, 277
1, 21
1, 22
1, 278
1, 150
1, 406
1, 279
1, 407
1, 151
1, 23
1, 408
1, 280
1, 152
1, 24
1, 281
1, 409
1, 153
1, 25
1, 410
1, 282
1, 154
1, 26
1, 27
1, 411
1, 283
1, 155
1, 28
1, 156
1, 412
1, 284
1, 157
1, 413
1, 29
1, 285
1, 286
1, 30
1, 414
1, 158
1, 415
1, 159
1, 31
1, 287
1, 288
1, 32
1, 416
1, 160
1, 161
1, 417
1, 289
1, 33
1, 418
1, 162
1, 34
1, 290
1, 163
1, 419
1, 35
1, 291
1, 292
1, 164
1, 420
1, 36
1, 293
1, 421
1, 165
1, 37
1, 294
1, 166
1, 422
1, 38
1, 167
1, 423
1, 295
1, 39
1, 296
1, 40
1, 168
1, 424
1, 169
1, 297
1, 425
1, 41
1, 426
1, 170
1, 42
1, 298
1, 299
1, 43
1, 171
1, 427
1, 44
1, 428
1, 300
1, 172
1, 429
1, 173
1, 301
1, 45
1, 302
1, 430
1, 174
1, 46
1, 303
1, 431
1, 47
1, 175
1, 176
1, 432
1, 304
1, 48
1, 177
1, 433
1, 49
1, 305
1, 178
1, 50
1, 306
1, 434
1, 307
1, 179
1, 51
1, 435
1, 52
1, 180
1, 308
1, 436
1, 53
1, 437
1, 309
1, 181
1, 438
1, 182
1, 310
1, 54
1, 439
1, 55
1, 183
1, 311
1, 440
1, 312
1, 56
1, 184
1, 441
1, 313
1, 57
1, 185
1, 442
1, 186
1, 314
1, 58
1, 315
1, 59
1, 443
1, 187
1, 316
1, 444
1, 188
1, 60
1, 445
1, 317
1, 189
1, 61
1, 446
1, 190
1, 318
1, 62
1, 191
1, 447
1, 63
1, 319
1, 64
1, 448
1, 320
1, 192
1, 321
1, 65
1, 449
1, 193
1, 66
1, 322
1, 194
1, 450
1, 195
1, 451
1, 323
1, 67
1, 196
1, 68
1, 452
1, 324
1, 197
1, 325
1, 453
1, 69
1, 454
1, 198
1, 70
1, 326
1, 327
1, 71
1, 199
1, 455
1, 200
1, 456
1, 328
1, 72
1, 329
1, 457
1, 201
1, 73
1, 330
1, 458
1, 74
1, 202
1, 459
1, 331
1, 203
1, 75
1, 76
1, 460
1, 204
1, 332
1, 205
1, 333
1, 461
1, 77
1, 462
1, 206
1, 334
1, 78
1, 207
1, 335
1, 463
1, 79
1, 464
1, 80
1, 336
1, 208
1, 337
1, 209
1, 465
1, 81
1, 338
1, 82
1, 466
1, 210
1, 211
1, 83
1, 467
1, 339
1, 340
1, 468
1, 212
1, 84
1, 213
1, 469
1, 85
1, 341
1, 86
1, 342
1, 214
1, 470
1, 343
1, 215
1, 87
1, 471
1, 216
1, 344
1, 472
1, 88
1, 345
1, 473
1, 217
1, 89
1, 474
1, 218
1, 346
1, 90
1, 475
1, 347
1, 91
1, 219
1, 476
1, 348
1, 220
1, 92
1, 477
1, 93
1, 221
1, 349
1, 478
1, 222
1, 350
1, 94
1, 223
1, 479
1, 351
1, 95
1, 480
1, 96
1, 224
1, 352
1, 225
1, 481
1, 97
1, 353
1, 354
1, 98
1, 482
1, 226
1, 355
1, 227
1, 483
1, 99
1, 100
1, 228
1, 484
1, 356
1, 485
1, 357
1, 101
1, 229
1, 230
1, 486
1, 102
1, 358
1, 359
1, 231
1, 487
1, 103
1, 360
1, 488
1, 232
1, 104
1, 233
1, 361
1, 105
1, 489
1, 106
1, 234
1, 362
1, 490
1, 107
1, 491
1, 363
1, 235
1, 492
1, 236
1, 364
1, 108
1, 109
1, 493
1, 365
1, 237
1, 238
1, 110
1, 494
1, 366
1, 495
1, 239
1, 367
1, 111
1, 240
1, 496
1, 112
1, 368
1, 113
1, 497
1, 369
1, 241
1, 370
1, 498
1, 114
1, 242
1, 499
1, 243
1, 371
1, 115
1, 500
1, 372
1, 244
1, 116
1, 373
1, 245
1, 117
1, 118
1, 246
1, 374
1, 375
1, 247
1, 119
1, 248
1, 376
1, 120
1, 249
1, 377
1, 121
1, 122
1, 378
1, 250
1, 251
1, 379
1, 123
1, 252
1, 124
1, 380
1, 381
1, 253
1, 125
1, 254
1, 126
1, 382
1, 127
1, 255
1, 383
129, 412
129, 347
129, 300
2, 128
2, 256
2, 384
2, 385
2, 129
2, 257
2, 386
2, 258
2, 130
2, 131
2, 259
2, 387
2, 132
2, 4
2, 388
2, 260
2, 261
2, 133
2, 389
2, 5
2, 390
2, 6
2, 262
2, 134
2, 391
2, 135
2, 263
2, 7
2, 136
2, 392
2, 264
2, 8
2, 137
2, 393
2, 265
2, 9
2, 394
2, 10
2, 138
2, 266
2, 267
2, 139
2, 395
2, 11
2, 396
2, 12
2, 140
2, 268
2, 397
2, 13
2, 269
2, 141
2, 270
2, 14
2, 398
2, 142
2, 399
2, 143
2, 271
2, 15
2, 272
2, 400
2, 16
2, 144
2, 401
2, 273
2, 17
2, 145
2, 146
2, 274
2, 18
2, 402
2, 19
2, 275
2, 403
2, 147
2, 148
2, 20
2, 404
2, 276
2, 277
2, 149
2, 405
2, 21
2, 406
2, 150
2, 278
2, 22
2, 23
2, 151
2, 407
2, 279
2, 24
2, 152
2, 280
2, 408
2, 25
2, 153
2, 409
2, 281
2, 154
2, 26
2, 282
2, 410
2, 155
2, 283
2, 411
2, 27
2, 284
2, 412
2, 156
2, 28
2, 285
2, 413
2, 29
2, 157
2, 158
2, 414
2, 30
2, 286
2, 287
2, 31
2, 159
2, 415
2, 160
2, 416
2, 32
2, 288
2, 289
2, 417
2, 33
2, 161
2, 34
2, 162
2, 418
2, 290
2, 291
2, 35
2, 419
2, 163
2, 36
2, 420
2, 164
2, 292
2, 37
2, 165
2, 421
2, 293
2, 38
2, 422
2, 166
2, 294
2, 39
2, 295
2, 423
2, 167
2, 424
2, 168
2, 40
2, 296
2, 41
2, 425
2, 297
2, 169
2, 298
2, 42
2, 170
2, 426
2, 427
2, 171
2, 43
2, 299
2, 172
2, 300
2, 428
2, 44
2, 45
2, 301
2, 173
2, 429
2, 174
2, 430
2, 302
2, 46
2, 175
2, 47
2, 431
2, 303
2, 304
2, 432
2, 48
2, 176
2, 49
2, 433
2, 177
2, 305
2, 434
2, 306
2, 50
2, 178
2, 435
2, 51
2, 179
2, 307
2, 436
2, 308
2, 180
2, 52
2, 181
2, 309
2, 437
2, 53
2, 54
2, 310
2, 182
2, 438
2, 311
2, 183
2, 55
2, 439
2, 184
2, 56
2, 312
2, 440
2, 185
2, 57
2, 313
2, 441
2, 314
2, 186
2, 442
2, 187
2, 443
2, 59
2, 315
2, 60
2, 188
2, 444
2, 316
2, 189
2, 61
2, 317
2, 445
2, 62
2, 318
2, 190
2, 446
2, 63
2, 447
2, 319
2, 191
2, 192
2, 320
2, 448
2, 64
2, 193
2, 449
2, 65
2, 321
2, 450
2, 194
2, 322
2, 66
2, 67
2, 323
2, 451
2, 195
2, 324
2, 452
2, 68
2, 196
2, 69
2, 453
2, 325
2, 197
2, 70
2, 198
2, 326
2, 454
2, 455
2, 199
2, 71
2, 327
2, 72
2, 328
2, 456
2, 200
2, 73
2, 201
2, 457
2, 329
2, 74
2, 202
2, 458
2, 330
2, 75
2, 203
2, 331
2, 459
2, 332
2, 204
2, 460
2, 76
2, 77
2, 461
2, 333
2, 205
2, 334
2, 206
2, 462
2, 78
2, 463
2, 335
2, 207
2, 79
2, 208
2, 336
2, 80
2, 464
2, 81
2, 465
2, 209
2, 337
2, 210
2, 466
2, 82
2, 338
2, 339
2, 467
2, 83
2, 211
2, 84
2, 212
2, 468
2, 340
2, 341
2, 85
2, 469
2, 213
2, 470
2, 214
2, 342
2, 86
2, 87
2, 215
2, 471
2, 343
2, 88
2, 472
2, 344
2, 216
2, 217
2, 473
2, 345
2, 89
2, 90
2, 346
2, 218
2, 474
2, 219
2, 91
2, 347
2, 475
2, 220
2, 348
2, 92
2, 476
2, 349
2, 221
2, 93
2, 477
2, 94
2, 350
2, 222
2, 478
2, 95
2, 351
2, 479
2, 223
2, 352
2, 224
2, 96
2, 480
2, 353
2, 97
2, 481
2, 225
2, 226
2, 482
2, 98
2, 354
2, 99
2, 483
2, 227
2, 355
2, 356
2, 484
2, 228
2, 100
2, 229
2, 101
2, 357
2, 485
2, 358
2, 102
2, 486
2, 230
2, 103
2, 487
2, 231
2, 359
2, 232
2, 104
2, 488
2, 360
2, 489
2, 105
2, 361
2, 233
2, 490
2, 362
2, 234
2, 106
2, 235
2, 363
2, 491
2, 107
2, 108
2, 364
2, 236
2, 492
2, 237
2, 365
2, 493
2, 109
2, 366
2, 494
2, 110
2, 238
2, 367
2, 239
2, 111
2, 495
2, 112
2, 368
2, 496
2, 240
2, 369
2, 497
2, 241
2, 113
2, 114
2, 498
2, 242
2, 370
2, 115
2, 371
2, 243
2, 499
2, 116
2, 244
2, 372
2, 500
2, 245
2, 117
2, 373
2, 374
2, 246
2, 118
2, 247
2, 119
2, 375
2, 120
2, 376
2, 248
2, 121
2, 377
2, 249
2, 250
2, 378
2, 122
2, 379
2, 251
2, 123
2, 380
2, 124
2, 252
2, 125
2, 253
2, 381
2, 382
2, 126
2, 254
2, 255
2, 383
2, 127
130, 368
130, 292
3, 256
3, 384
3, 128
3, 385
3, 129
3, 257
3, 258
3, 130
3, 386
3, 259
3, 131
3, 387
3, 132
3, 388
3, 260
3, 5
3, 261
3, 389
3, 133
3, 262
3, 134
3, 6
3, 390
3, 263
3, 7
3, 391
3, 135
3, 392
3, 264
3, 136
3, 393
3, 137
3, 265
3, 138
3, 10
3, 266
3, 394
3, 267
3, 139
3, 395
3, 140
3, 12
3, 396
3, 269
3, 13
3, 397
3, 398
3, 142
3, 14
3, 270
3, 143
3, 399
3, 271
3, 400
3, 272
3, 144
3, 16
3, 145
3, 401
3, 273
3, 17
3, 274
3, 402
3, 146
3, 19
3, 275
3, 403
3, 147
3, 20
3, 404
3, 405
3, 277
3, 149
3, 406
3, 150
3, 278
3, 22
3, 23
3, 151
3, 279
3, 407
3, 24
3, 280
3, 408
3, 152
3, 25
3, 153
3, 409
3, 281
3, 410
3, 282
3, 154
3, 26
3, 155
3, 283
3, 411
3, 27
3, 28
3, 412
3, 284
3, 413
3, 285
3, 157
3, 158
3, 414
3, 286
3, 30
3, 287
3, 31
3, 415
3, 159
3, 160
3, 288
3, 416
3, 32
3, 289
3, 417
3, 161
3, 34
3, 290
3, 162
3, 418
3, 291
3, 35
3, 419
3, 163
3, 292
3, 36
3, 164
3, 420
3, 37
3, 293
3, 165
3, 421
3, 422
3, 294
3, 38
3, 166
3, 295
3, 423
3, 167
3, 296
3, 40
3, 424
3, 168
3, 41
3, 169
3, 425
3, 297
3, 298
3, 170
3, 426
3, 42
3, 427
3, 171
3, 43
3, 299
3, 172
3, 300
3, 428
3, 44
3, 429
3, 45
3, 301
3, 173
3, 430
3, 174
3, 302
3, 175
3, 303
3, 431
3, 47
3, 304
3, 432
3, 48
3, 176
3, 49
3, 177
3, 433
3, 306
3, 434
3, 50
3, 178
3, 435
3, 179
3, 307
3, 51
3, 180
3, 308
3, 436
3, 52
3, 181
3, 309
3, 437
3, 53
3, 54
3, 310
3, 438
3, 182
3, 311
3, 439
3, 183
3, 55
3, 312
3, 440
3, 184
3, 56
3, 441
3, 313
3, 57
3, 185
3, 314
3, 186
3, 442
3, 58
3, 315
3, 59
3, 443
3, 187
3, 60
3, 444
3, 316
3, 188
3, 317
3, 189
3, 445
3, 61
3, 446
3, 190
3, 62
3, 318
3, 63
3, 447
3, 319
3, 191
3, 192
3, 320
3, 448
3, 64
3, 65
3, 321
3, 449
3, 193
3, 450
3, 194
3, 322
3, 66
3, 195
3, 67
3, 451
3, 323
3, 324
3, 196
3, 68
3, 452
3, 325
3, 453
3, 197
3, 69
3, 70
3, 198
3, 326
3, 327
3, 71
3, 455
3, 199
3, 456
3, 200
3, 72
3, 328
3, 201
3, 329
3, 457
3, 73
3, 330
3, 74
3, 458
3, 202
3, 75
3, 203
3, 459
3, 331
3, 204
3, 332
3, 460
3, 76
3, 205
3, 333
3, 77
3, 461
3, 334
3, 206
3, 462
3, 78
3, 463
3, 335
3, 207
3, 464
3, 208
3, 336
3, 80
3, 81
3, 337
3, 209
3, 465
3, 466
3, 82
3, 338
3, 210
3, 211
3, 339
3, 467
3, 83
3, 84
3, 212
3, 340
3, 468
3, 341
3, 85
3, 213
3, 469
3, 86
3, 342
3, 470
3, 214
3, 87
3, 215
3, 343
3, 471
3, 88
3, 472
3, 216
3, 344
3, 217
3, 473
3, 345
3, 89
3, 474
3, 90
3, 346
3, 218
3, 219
3, 91
3, 347
3, 475
3, 220
3, 348
3, 476
3, 92
3, 349
3, 477
3, 93
3, 221
3, 94
3, 350
3, 478
3, 222
3, 95
3, 223
3, 351
3, 479
3, 352
3, 480
3, 224
3, 96
3, 353
3, 97
3, 481
3, 225
3, 98
3, 482
3, 226
3, 354
3, 355
3, 99
3, 483
3, 227
3, 228
3, 100
3, 356
3, 484
3, 229
3, 101
3, 357
3, 485
3, 486
3, 102
3, 230
3, 358
3, 231
3, 487
3, 359
3, 103
3, 104
3, 488
3, 232
3, 360
3, 233
3, 489
3, 361
3, 105
3, 490
3, 234
3, 362
3, 106
3, 107
3, 363
3, 235
3, 491
3, 108
3, 236
3, 492
3, 364
3, 237
3, 493
3, 109
3, 365
3, 110
3, 366
3, 494
3, 238
3, 367
3, 111
3, 239
3, 112
3, 368
3, 496
3, 240
3, 497
3, 369
3, 241
3, 113
3, 114
3, 370
3, 498
3, 242
3, 115
3, 499
3, 371
3, 243
3, 372
3, 116
3, 500
3, 244
3, 245
3, 373
3, 117
3, 118
3, 246
3, 374
3, 375
3, 247
3, 119
3, 248
3, 120
3, 376
3, 249
3, 121
3, 377
3, 378
3, 250
3, 123
3, 379
3, 251
3, 252
3, 124
3, 380
3, 125
3, 253
3, 381
3, 254
3, 382
3, 126
3, 255
3, 383
3, 127
131, 245
131, 275
131, 351
131, 413
131, 369
131, 419
131, 151
4, 384
4, 129
4, 257
4, 258
4, 130
4, 387
4, 388
4, 260
4, 389
4, 133
4, 261
4, 262
4, 263
4, 135
4, 264
4, 9
4, 265
4, 393
4, 11
4, 395
4, 139
4, 140
4, 269
4, 15
4, 271
4, 145
4, 274
4, 404
4, 21
4, 405
4, 278
4, 150
4, 279
4, 407
4, 408
4, 280
4, 281
4, 409
4, 153
4, 410
4, 282
4, 27
4, 411
4, 283
4, 156
4, 412
4, 413
4, 286
4, 30
4, 414
4, 415
4, 288
4, 32
4, 161
4, 33
4, 417
4, 290
4, 292
4, 164
4, 293
4, 294
4, 166
4, 422
4, 296
4, 40
4, 169
4, 297
4, 170
4, 428
4, 300
4, 172
4, 429
4, 173
4, 301
4, 302
4, 430
4, 303
4, 431
4, 177
4, 306
4, 307
4, 179
4, 52
4, 180
4, 308
4, 438
4, 182
4, 439
4, 440
4, 312
4, 56
4, 441
4, 313
4, 57
4, 442
4, 186
4, 315
4, 59
4, 443
4, 316
4, 444
4, 445
4, 317
4, 321
4, 65
4, 66
4, 322
4, 195
4, 451
4, 325
4, 453
4, 327
4, 71
4, 456
4, 329
4, 457
4, 201
4, 330
4, 458
4, 459
4, 460
4, 204
4, 333
4, 461
4, 207
4, 464
4, 80
4, 337
4, 209
4, 465
4, 338
4, 82
4, 466
4, 210
4, 83
4, 467
4, 211
4, 340
4, 468
4, 469
4, 213
4, 85
4, 86
4, 342
4, 343
4, 216
4, 474
4, 218
4, 475
4, 347
4, 91
4, 92
4, 477
4, 93
4, 478
4, 222
4, 223
4, 480
4, 96
4, 224
4, 225
4, 482
4, 355
4, 227
4, 228
4, 484
4, 356
4, 357
4, 230
4, 486
4, 231
4, 360
4, 488
4, 104
4, 361
4, 105
4, 489
4, 106
4, 234
4, 362
4, 491
4, 363
4, 236
4, 109
4, 493
4, 238
4, 110
4, 495
4, 240
4, 496
4, 368
4, 241
4, 497
4, 369
4, 370
4, 499
4, 243
4, 500
4, 372
4, 373
4, 118
4, 246
4, 374
4, 375
4, 248
4, 249
4, 122
4, 378
4, 123
4, 251
4, 379
4, 124
4, 253
4, 382
4, 127
132, 234
132, 171
5, 256
5, 384
5, 128
5, 385
5, 129
5, 257
5, 258
5, 130
5, 386
5, 259
5, 131
5, 387
5, 132
5, 388
5, 260
5, 261
5, 389
5, 133
5, 262
5, 134
5, 6
5, 390
5, 263
5, 7
5, 391
5, 135
5, 392
5, 264
5, 136
5, 393
5, 137
5, 265
5, 138
5, 10
5, 266
5, 394
5, 267
5, 139
5, 395
5, 140
5, 12
5, 396
5, 269
5, 13
5, 397
5, 398
5, 142
5, 14
5, 270
5, 143
5, 399
5, 271
5, 400
5, 272
5, 144
5, 16
5, 17
5, 273
5, 401
5, 145
5, 146
5, 402
5, 274
5, 147
5, 403
5, 275
5, 19
5, 404
5, 20
5, 149
5, 277
5, 405
5, 22
5, 278
5, 150
5, 406
5, 407
5, 279
5, 151
5, 23
5, 152
5, 408
5, 280
5, 24
5, 281
5, 409
5, 153
5, 25
5, 26
5, 154
5, 282
5, 410
5, 27
5, 411
5, 283
5, 155
5, 284
5, 412
5, 28
5, 157
5, 285
5, 413
5, 30
5, 286
5, 414
5, 158
5, 159
5, 415
5, 31
5, 287
5, 32
5, 416
5, 288
5, 160
5, 161
5, 417
5, 289
5, 418
5, 162
5, 290
5, 34
5, 163
5, 419
5, 35
5, 291
5, 420
5, 164
5, 36
5, 292
5, 421
5, 165
5, 293
5, 37
5, 166
5, 38
5, 294
5, 422
5, 167
5, 423
5, 295
5, 168
5, 424
5, 40
5, 296
5, 297
5, 425
5, 169
5, 41
5, 426
5, 42
5, 170
5, 298
5, 299
5, 43
5, 171
5, 427
5, 44
5, 428
5, 300
5, 172
5, 173
5, 301
5, 45
5, 429
5, 302
5, 174
5, 430
5, 47
5, 431
5, 303
5, 175
5, 48
5, 432
5, 304
5, 433
5, 177
5, 49
5, 178
5, 50
5, 434
5, 306
5, 51
5, 307
5, 179
5, 435
5, 52
5, 436
5, 308
5, 180
5, 53
5, 437
5, 309
5, 181
5, 182
5, 438
5, 310
5, 54
5, 55
5, 183
5, 439
5, 311
5, 56
5, 184
5, 440
5, 312
5, 185
5, 57
5, 313
5, 441
5, 442
5, 186
5, 314
5, 187
5, 443
5, 59
5, 315
5, 188
5, 316
5, 444
5, 60
5, 61
5, 445
5, 189
5, 317
5, 318
5, 62
5, 190
5, 446
5, 191
5, 319
5, 447
5, 63
5, 64
5, 448
5, 320
5, 192
5, 449
5, 321
5, 65
5, 193
5, 66
5, 322
5, 194
5, 450
5, 323
5, 451
5, 67
5, 195
5, 452
5, 68
5, 196
5, 324
5, 69
5, 197
5, 453
5, 325
5, 326
5, 198
5, 70
5, 199
5, 455
5, 71
5, 327
5, 328
5, 72
5, 200
5, 456
5, 73
5, 457
5, 329
5, 201
5, 202
5, 458
5, 74
5, 330
5, 331
5, 459
5, 203
5, 75
5, 76
5, 460
5, 332
5, 204
5, 461
5, 77
5, 333
5, 205
5, 78
5, 462
5, 206
5, 334
5, 207
5, 335
5, 463
5, 336
5, 80
5, 208
5, 464
5, 465
5, 209
5, 337
5, 81
5, 210
5, 338
5, 82
5, 466
5, 83
5, 467
5, 339
5, 211
5, 468
5, 340
5, 212
5, 84
5, 469
5, 213
5, 85
5, 341
5, 214
5, 470
5, 342
5, 471
5, 343
5, 215
5, 87
5, 344
5, 216
5, 472
5, 88
5, 89
5, 345
5, 473
5, 217
5, 218
5, 346
5, 90
5, 474
5, 475
5, 347
5, 91
5, 219
5, 92
5, 476
5, 348
5, 220
5, 221
5, 93
5, 477
5, 349
5, 222
5, 478
5, 350
5, 94
5, 479
5, 351
5, 223
5, 95
5, 96
5, 224
5, 480
5, 352
5, 225
5, 481
5, 97
5, 353
5, 354
5, 226
5, 482
5, 98
5, 227
5, 483
5, 99
5, 355
5, 484
5, 356
5, 100
5, 228
5, 485
5, 357
5, 101
5, 229
5, 230
5, 102
5, 486
5, 358
5, 359
5, 487
5, 231
5, 103
5, 360
5, 232
5, 488
5, 104
5, 105
5, 361
5, 489
5, 233
5, 106
5, 362
5, 234
5, 490
5, 491
5, 235
5, 363
5, 107
5, 364
5, 492
5, 236
5, 108
5, 365
5, 109
5, 493
5, 237
5, 238
5, 494
5, 366
5, 110
5, 111
5, 239
5, 367
5, 240
5, 496
5, 368
5, 112
5, 113
5, 241
5, 369
5, 497
5, 242
5, 498
5, 370
5, 114
5, 243
5, 371
5, 499
5, 115
5, 244
5, 500
5, 116
5, 372
5, 117
5, 373
5, 245
5, 374
5, 246
5, 118
5, 119
5, 247
5, 375
5, 376
5, 120
5, 248
5, 377
5, 121
5, 249
5, 250
5, 378
5, 251
5, 379
5, 380
5, 124
5, 252
5, 381
5, 253
5, 125
5, 126
5, 382
5, 254
5, 127
5, 383
5, 255
133, 325
133, 316
133, 302
133, 251
6, 128
6, 257
6, 130
6, 386
6, 131
6, 387
6, 132
6, 388
6, 260
6, 389
6, 133
6, 390
6, 135
6, 264
6, 136
6, 137
6, 265
6, 266
6, 394
6, 139
6, 395
6, 12
6, 396
6, 397
6, 13
6, 270
6, 271
6, 273
6, 401
6, 145
6, 274
6, 275
6, 404
6, 405
6, 277
6, 406
6, 23
6, 151
6, 280
6, 408
6, 152
6, 25
6, 153
6, 283
6, 411
6, 28
6, 412
6, 413
6, 414
6, 286
6, 158
6, 415
6, 31
6, 159
6, 160
6, 288
6, 416
6, 417
6, 289
6, 34
6, 291
6, 35
6, 419
6, 292
6, 36
6, 164
6, 293
6, 165
6, 421
6, 422
6, 294
6, 38
6, 295
6, 423
6, 296
6, 40
6, 169
6, 425
6, 297
6, 170
6, 298
6, 42
6, 427
6, 171
6, 43
6, 299
6, 172
6, 300
6, 428
6, 429
6, 45
6, 430
6, 174
6, 302
6, 303
6, 431
6, 175
6, 304
6, 49
6, 177
6, 306
6, 434
6, 180
6, 308
6, 436
6, 309
6, 310
6, 438
6, 54
6, 311
6, 439
6, 312
6, 440
6, 184
6, 313
6, 57
6, 185
6, 314
6, 186
6, 315
6, 59
6, 443
6, 60
6, 444
6, 316
6, 189
6, 317
6, 445
6, 446
6, 190
6, 62
6, 447
6, 63
6, 192
6, 321
6, 449
6, 194
6, 322
6, 67
6, 451
6, 323
6, 324
6, 196
6, 68
6, 452
6, 325
6, 198
6, 71
6, 455
6, 456
6, 200
6, 72
6, 328
6, 329
6, 457
6, 73
6, 330
6, 74
6, 203
6, 459
6, 75
6, 331
6, 204
6, 332
6, 205
6, 333
6, 77
6, 334
6, 206
6, 462
6, 463
6, 335
6, 207
6, 464
6, 208
6, 337
6, 209
6, 466
6, 82
6, 211
6, 339
6, 84
6, 341
6, 85
6, 342
6, 470
6, 214
6, 215
6, 88
6, 472
6, 216
6, 217
6, 473
6, 345
6, 474
6, 90
6, 346
6, 91
6, 220
6, 348
6, 349
6, 477
6, 93
6, 221
6, 350
6, 94
6, 95
6, 223
6, 351
6, 352
6, 480
6, 224
6, 353
6, 97
6, 98
6, 482
6, 226
6, 355
6, 99
6, 228
6, 356
6, 229
6, 101
6, 358
6, 486
6, 231
6, 487
6, 104
6, 488
6, 232
6, 360
6, 233
6, 489
6, 490
6, 234
6, 362
6, 107
6, 363
6, 108
6, 236
6, 492
6, 237
6, 493
6, 109
6, 110
6, 366
6, 494
6, 367
6, 239
6, 112
6, 368
6, 496
6, 497
6, 369
6, 114
6, 370
6, 498
6, 115
6, 499
6, 371
6, 372
6, 245
6, 373
6, 246
6, 375
6, 248
6, 120
6, 249
6, 121
6, 250
6, 379
6, 251
6, 252
6, 124
6, 125
6, 382
6, 255
6, 383
262, 263
7, 384
7, 257
7, 258
7, 130
7, 131
7, 387
7, 260
7, 388
7, 389
7, 134
7, 264
7, 265
7, 266
7, 394
7, 10
7, 139
7, 395
7, 396
7, 140
7, 397
7, 270
7, 142
7, 398
7, 144
7, 273
7, 401
7, 145
7, 402
7, 146
7, 274
7, 275
7, 404
7, 277
7, 149
7, 405
7, 150
7, 279
7, 407
7, 151
7, 409
7, 410
7, 282
7, 155
7, 283
7, 411
7, 284
7, 285
7, 413
7, 286
7, 30
7, 414
7, 415
7, 416
7, 32
7, 288
7, 161
7, 417
7, 290
7, 162
7, 418
7, 419
7, 292
7, 421
7, 293
7, 166
7, 38
7, 294
7, 423
7, 296
7, 424
7, 40
7, 425
7, 297
7, 42
7, 170
7, 427
7, 428
7, 301
7, 174
7, 430
7, 302
7, 431
7, 304
7, 432
7, 177
7, 306
7, 434
7, 435
7, 179
7, 307
7, 51
7, 436
7, 308
7, 309
7, 54
7, 182
7, 438
7, 183
7, 439
7, 440
7, 184
7, 56
7, 441
7, 185
7, 57
7, 186
7, 443
7, 316
7, 444
7, 61
7, 317
7, 319
7, 320
7, 192
7, 448
7, 449
7, 322
7, 195
7, 67
7, 323
7, 451
7, 324
7, 196
7, 453
7, 325
7, 198
7, 199
7, 71
7, 456
7, 201
7, 73
7, 457
7, 458
7, 202
7, 74
7, 330
7, 75
7, 331
7, 459
7, 460
7, 204
7, 462
7, 463
7, 464
7, 208
7, 337
7, 465
7, 209
7, 338
7, 466
7, 82
7, 467
7, 83
7, 212
7, 340
7, 84
7, 213
7, 342
7, 214
7, 470
7, 343
7, 89
7, 473
7, 474
7, 476
7, 348
7, 221
7, 350
7, 478
7, 94
7, 351
7, 223
7, 352
7, 480
7, 224
7, 481
7, 225
7, 483
7, 356
7, 229
7, 101
7, 357
7, 102
7, 359
7, 231
7, 487
7, 232
7, 360
7, 488
7, 361
7, 105
7, 490
7, 106
7, 363
7, 235
7, 364
7, 236
7, 365
7, 109
7, 493
7, 494
7, 111
7, 240
7, 368
7, 497
7, 369
7, 499
7, 371
7, 243
7, 116
7, 500
7, 245
7, 373
7, 374
7, 246
7, 247
7, 375
7, 249
7, 378
7, 251
7, 379
7, 380
7, 252
7, 253
7, 125
7, 127
135, 412
135, 300
8, 449
8, 130
8, 203
8, 331
8, 277
8, 97
8, 292
8, 423
8, 425
8, 363
8, 174
8, 368
8, 498
8, 306
8, 60
8, 446
136, 497
136, 160
264, 294
264, 414
264, 466
264, 389
264, 488
264, 274
393, 469
9, 384
9, 129
9, 257
9, 258
9, 130
9, 387
9, 388
9, 260
9, 389
9, 133
9, 261
9, 262
9, 263
9, 135
9, 264
9, 265
9, 393
9, 11
9, 395
9, 139
9, 140
9, 269
9, 15
9, 271
9, 145
9, 274
9, 404
9, 21
9, 405
9, 278
9, 150
9, 279
9, 407
9, 408
9, 280
9, 281
9, 409
9, 153
9, 410
9, 282
9, 27
9, 411
9, 283
9, 156
9, 412
9, 413
9, 286
9, 30
9, 414
9, 415
9, 288
9, 32
9, 161
9, 33
9, 417
9, 290
9, 292
9, 164
9, 293
9, 294
9, 166
9, 422
9, 296
9, 40
9, 169
9, 297
9, 170
9, 428
9, 300
9, 172
9, 429
9, 173
9, 301
9, 302
9, 430
9, 303
9, 431
9, 177
9, 306
9, 307
9, 179
9, 52
9, 180
9, 308
9, 438
9, 182
9, 439
9, 440
9, 312
9, 56
9, 441
9, 313
9, 57
9, 186
9, 59
9, 443
9, 316
9, 444
9, 445
9, 317
9, 321
9, 65
9, 66
9, 322
9, 195
9, 451
9, 325
9, 453
9, 71
9, 327
9, 456
9, 201
9, 457
9, 329
9, 458
9, 330
9, 459
9, 204
9, 460
9, 461
9, 333
9, 207
9, 80
9, 464
9, 465
9, 209
9, 337
9, 210
9, 466
9, 82
9, 338
9, 211
9, 467
9, 83
9, 340
9, 85
9, 213
9, 469
9, 342
9, 86
9, 343
9, 216
9, 474
9, 91
9, 347
9, 475
9, 92
9, 93
9, 222
9, 478
9, 223
9, 224
9, 96
9, 480
9, 225
9, 482
9, 227
9, 356
9, 484
9, 228
9, 357
9, 486
9, 230
9, 231
9, 104
9, 488
9, 360
9, 489
9, 105
9, 361
9, 362
9, 234
9, 106
9, 363
9, 491
9, 236
9, 493
9, 109
9, 110
9, 238
9, 495
9, 368
9, 496
9, 240
9, 369
9, 497
9, 370
9, 243
9, 499
9, 372
9, 500
9, 373
9, 246
9, 118
9, 374
9, 375
9, 248
9, 249
9, 378
9, 122
9, 379
9, 251
9, 123
9, 124
9, 253
9, 382
9, 127
266, 277
10, 258
10, 265
10, 140
10, 209
10, 337
10, 338
10, 150
10, 473
10, 348
10, 350
10, 480
10, 418
10, 483
10, 105
10, 170
10, 235
10, 428
10, 177
10, 500
10, 373
10, 374
10, 253
10, 125
138, 275
138, 151
138, 157
138, 413
138, 351
138, 366
138, 369
138, 434
138, 245
138, 185
267, 399
11, 384
11, 321
11, 258
11, 387
11, 195
11, 388
11, 389
11, 262
11, 263
11, 329
11, 265
11, 460
11, 140
11, 207
11, 145
11, 209
11, 337
11, 82
11, 338
11, 467
11, 83
11, 340
11, 213
11, 342
11, 278
11, 86
11, 279
11, 343
11, 407
11, 216
11, 410
11, 411
11, 475
11, 156
11, 413
11, 478
11, 286
11, 415
11, 96
11, 161
11, 33
11, 290
11, 227
11, 484
11, 228
11, 357
11, 294
11, 166
11, 231
11, 105
11, 361
11, 170
11, 234
11, 106
11, 428
11, 109
11, 303
11, 495
11, 240
11, 497
11, 177
11, 306
11, 243
11, 499
11, 307
11, 500
11, 52
11, 373
11, 438
11, 440
11, 441
11, 122
11, 123
11, 59
11, 445
11, 382
11, 127
12, 449
12, 257
12, 67
12, 452
12, 133
12, 325
12, 74
12, 75
12, 331
12, 334
12, 84
12, 405
12, 277
12, 342
12, 411
12, 221
12, 350
12, 480
12, 226
12, 421
12, 358
12, 423
12, 232
12, 363
12, 299
12, 492
12, 494
12, 174
12, 302
12, 239
12, 306
12, 436
12, 372
12, 309
12, 246
12, 440
12, 121
12, 185
12, 251
12, 316
12, 190
12, 62
12, 383
140, 258
140, 265
140, 337
140, 209
140, 338
140, 170
140, 428
140, 177
140, 373
269, 301
13, 451
13, 131
13, 387
13, 388
13, 260
13, 390
13, 395
13, 206
13, 207
13, 208
13, 145
13, 82
13, 275
13, 85
13, 470
13, 214
13, 151
13, 216
13, 473
13, 345
13, 221
13, 413
13, 286
13, 94
13, 351
13, 419
13, 38
13, 231
13, 487
13, 360
13, 297
13, 298
13, 42
13, 428
13, 109
13, 302
13, 431
13, 304
13, 369
13, 434
13, 245
13, 438
13, 54
13, 439
13, 184
13, 124
13, 317
13, 125
141, 454
141, 262
141, 263
141, 329
141, 148
141, 276
141, 156
141, 418
141, 482
141, 436
141, 440
141, 443
270, 462
14, 257
14, 129
14, 130
14, 260
14, 133
14, 261
14, 389
14, 262
14, 263
14, 264
14, 139
14, 397
14, 269
14, 271
14, 274
14, 404
14, 405
14, 408
14, 280
14, 409
14, 153
14, 282
14, 27
14, 283
14, 411
14, 412
14, 30
14, 414
14, 288
14, 32
14, 417
14, 292
14, 164
14, 293
14, 294
14, 422
14, 296
14, 40
14, 41
14, 297
14, 170
14, 300
14, 172
14, 429
14, 173
14, 301
14, 302
14, 430
14, 431
14, 179
14, 180
14, 308
14, 182
14, 438
14, 439
14, 312
14, 56
14, 313
14, 57
14, 186
14, 443
14, 316
14, 444
14, 317
14, 65
14, 66
14, 322
14, 451
14, 325
14, 453
14, 71
14, 327
14, 456
14, 201
14, 457
14, 458
14, 330
14, 459
14, 204
14, 333
14, 80
14, 464
14, 465
14, 337
14, 209
14, 210
14, 466
14, 211
14, 85
14, 342
14, 344
14, 216
14, 474
14, 91
14, 347
14, 475
14, 92
14, 93
14, 222
14, 478
14, 223
14, 224
14, 225
14, 482
14, 227
14, 356
14, 486
14, 230
14, 104
14, 488
14, 360
14, 489
14, 362
14, 363
14, 236
14, 493
14, 110
14, 238
14, 368
14, 496
14, 369
14, 370
14, 243
14, 499
14, 500
14, 372
14, 117
14, 246
14, 375
14, 248
14, 249
14, 378
14, 379
14, 251
14, 124
142, 320
142, 324
142, 389
142, 264
142, 202
142, 463
142, 464
142, 273
142, 466
142, 274
142, 467
142, 212
142, 476
142, 414
142, 481
142, 229
142, 294
142, 296
142, 488
142, 364
142, 443
142, 316
271, 431
271, 429
15, 135
15, 395
15, 150
15, 281
15, 412
15, 480
15, 491
15, 300
15, 500
15, 374
15, 124
15, 253
143, 303
16, 384
16, 128
16, 321
16, 322
16, 386
16, 259
16, 132
16, 329
16, 330
16, 74
16, 267
16, 332
16, 399
16, 143
16, 404
16, 340
16, 217
16, 218
16, 282
16, 349
16, 477
16, 415
16, 355
16, 356
16, 293
16, 360
16, 234
16, 171
16, 363
16, 236
16, 238
16, 303
16, 47
16, 48
16, 241
16, 433
16, 498
16, 244
16, 437
16, 119
16, 440
16, 248
16, 313
16, 377
16, 444
16, 189
16, 447
144, 198
144, 201
144, 427
144, 301
144, 183
144, 179
17, 128
17, 256
17, 385
17, 386
17, 258
17, 387
17, 132
17, 388
17, 261
17, 263
17, 391
17, 392
17, 136
17, 393
17, 138
17, 139
17, 267
17, 395
17, 270
17, 399
17, 272
17, 273
17, 401
17, 145
17, 403
17, 147
17, 275
17, 404
17, 277
17, 149
17, 278
17, 22
17, 279
17, 151
17, 408
17, 152
17, 281
17, 154
17, 26
17, 410
17, 411
17, 284
17, 412
17, 413
17, 157
17, 286
17, 415
17, 288
17, 160
17, 416
17, 161
17, 34
17, 291
17, 163
17, 35
17, 164
17, 36
17, 420
17, 421
17, 422
17, 167
17, 423
17, 424
17, 296
17, 168
17, 425
17, 298
17, 426
17, 427
17, 171
17, 44
17, 172
17, 429
17, 430
17, 174
17, 303
17, 432
17, 49
17, 433
17, 306
17, 50
17, 178
17, 434
17, 307
17, 435
17, 180
17, 53
17, 437
17, 310
17, 438
17, 439
17, 55
17, 311
17, 440
17, 312
17, 184
17, 441
17, 185
17, 442
17, 314
17, 186
17, 443
17, 187
17, 59
17, 60
17, 444
17, 189
17, 445
17, 446
17, 318
17, 447
17, 191
17, 448
17, 64
17, 321
17, 449
17, 194
17, 322
17, 451
17, 452
17, 197
17, 69
17, 326
17, 72
17, 457
17, 329
17, 331
17, 203
17, 76
17, 77
17, 205
17, 462
17, 206
17, 334
17, 335
17, 207
17, 463
17, 464
17, 336
17, 81
17, 465
17, 339
17, 468
17, 340
17, 213
17, 469
17, 341
17, 342
17, 214
17, 343
17, 215
17, 471
17, 216
17, 472
17, 345
17, 346
17, 90
17, 219
17, 220
17, 349
17, 477
17, 478
17, 222
17, 479
17, 351
17, 352
17, 96
17, 480
17, 353
17, 97
17, 481
17, 98
17, 354
17, 227
17, 484
17, 228
17, 229
17, 485
17, 230
17, 231
17, 360
17, 488
17, 489
17, 361
17, 233
17, 490
17, 234
17, 363
17, 491
17, 492
17, 364
17, 365
17, 366
17, 494
17, 367
17, 496
17, 369
17, 497
17, 113
17, 370
17, 498
17, 114
17, 243
17, 244
17, 116
17, 372
17, 500
17, 245
17, 247
17, 120
17, 248
17, 377
17, 121
17, 250
17, 380
17, 381
17, 126
17, 382
17, 255
17, 127
145, 388
145, 387
274, 488
274, 389
274, 466
274, 414
274, 294
18, 64
18, 261
18, 262
18, 263
18, 148
18, 469
18, 347
18, 156
18, 482
18, 163
18, 483
18, 420
18, 422
18, 39
18, 47
18, 495
18, 367
18, 53
18, 443
146, 285
146, 499
146, 474
146, 309
146, 199
275, 369
19, 463
19, 272
19, 464
19, 273
19, 406
19, 479
19, 162
19, 229
19, 486
19, 359
19, 167
19, 296
19, 168
19, 365
19, 367
19, 112
19, 435
19, 52
19, 310
19, 55
19, 120
19, 442
19, 443
147, 489
147, 481
147, 430
147, 160
20, 389
20, 135
20, 264
20, 265
20, 137
20, 394
20, 266
20, 395
20, 139
20, 269
20, 397
20, 401
20, 273
20, 274
20, 404
20, 277
20, 405
20, 280
20, 25
20, 154
20, 411
20, 412
20, 28
20, 414
20, 416
20, 288
20, 289
20, 417
20, 291
20, 164
20, 36
20, 421
20, 165
20, 294
20, 422
20, 295
20, 296
20, 425
20, 169
20, 170
20, 300
20, 172
20, 301
20, 173
20, 45
20, 430
20, 432
20, 179
20, 308
20, 180
20, 184
20, 312
20, 57
20, 313
20, 186
20, 443
20, 192
20, 323
20, 196
20, 455
20, 72
20, 73
20, 457
20, 201
20, 458
20, 459
20, 331
20, 332
20, 333
20, 334
20, 335
20, 463
20, 464
20, 465
20, 337
20, 210
20, 466
20, 211
20, 342
20, 470
20, 216
20, 345
20, 90
20, 474
20, 91
20, 93
20, 478
20, 222
20, 351
20, 352
20, 482
20, 227
20, 356
20, 101
20, 229
20, 488
20, 104
20, 489
20, 362
20, 107
20, 363
20, 492
20, 237
20, 493
20, 369
20, 370
20, 243
20, 371
20, 499
20, 500
20, 372
20, 375
20, 120
20, 379
20, 252
20, 255
148, 262
148, 263
148, 482
148, 443
148, 156
21, 469
21, 306
21, 384
21, 415
21, 393
21, 169
21, 166
149, 462
149, 380
149, 270
278, 329
278, 440
278, 382
278, 321
22, 256
22, 258
22, 387
22, 388
22, 136
22, 138
22, 395
22, 145
22, 275
22, 151
22, 281
22, 26
22, 410
22, 411
22, 412
22, 413
22, 157
22, 286
22, 160
22, 416
22, 35
22, 164
22, 36
22, 420
22, 421
22, 422
22, 426
22, 172
22, 303
22, 433
22, 178
22, 434
22, 180
22, 437
22, 311
22, 312
22, 184
22, 441
22, 185
22, 186
22, 187
22, 59
22, 445
22, 191
22, 449
22, 194
22, 322
22, 452
22, 72
22, 76
22, 205
22, 334
22, 336
22, 465
22, 340
22, 342
22, 214
22, 471
22, 346
22, 90
22, 219
22, 478
22, 222
22, 351
22, 480
22, 481
22, 354
22, 227
22, 484
22, 228
22, 485
22, 491
22, 364
22, 492
22, 494
22, 366
22, 113
22, 497
22, 369
22, 243
22, 500
22, 372
22, 245
22, 121
22, 380
22, 127
22, 255
150, 374
150, 500
150, 480
150, 253
407, 460
279, 497
279, 307
23, 455
23, 265
23, 396
23, 77
23, 270
23, 462
23, 209
23, 339
23, 408
23, 152
23, 153
23, 346
23, 411
23, 158
23, 159
23, 224
23, 419
23, 486
23, 43
23, 428
23, 175
23, 496
23, 177
23, 373
23, 439
23, 375
23, 445
151, 369
151, 413
151, 351
151, 275
151, 245
408, 496
280, 356
280, 404
280, 363
280, 459
280, 313
152, 439
281, 491
25, 192
25, 323
25, 196
25, 389
25, 135
25, 455
25, 72
25, 264
25, 73
25, 457
25, 137
25, 394
25, 266
25, 395
25, 139
25, 459
25, 331
25, 332
25, 397
25, 333
25, 334
25, 335
25, 463
25, 464
25, 401
25, 337
25, 273
25, 274
25, 466
25, 211
25, 404
25, 277
25, 405
25, 470
25, 280
25, 345
25, 90
25, 474
25, 91
25, 412
25, 28
25, 93
25, 414
25, 351
25, 416
25, 288
25, 352
25, 289
25, 417
25, 482
25, 291
25, 356
25, 164
25, 36
25, 101
25, 421
25, 165
25, 229
25, 294
25, 422
25, 295
25, 488
25, 104
25, 296
25, 425
25, 169
25, 489
25, 170
25, 362
25, 107
25, 363
25, 300
25, 172
25, 492
25, 45
25, 493
25, 430
25, 369
25, 371
25, 499
25, 308
25, 180
25, 372
25, 375
25, 184
25, 120
25, 312
25, 57
25, 313
25, 186
25, 379
25, 443
25, 252
25, 255
153, 496
153, 486
153, 408
282, 322
26, 256
26, 449
26, 194
26, 452
26, 72
26, 136
26, 395
26, 334
26, 336
26, 465
26, 342
26, 214
26, 281
26, 346
26, 90
26, 411
26, 219
26, 412
26, 478
26, 222
26, 160
26, 416
26, 354
26, 227
26, 484
26, 164
26, 36
26, 421
26, 422
26, 491
26, 172
26, 492
26, 497
26, 369
26, 243
26, 500
26, 180
26, 372
26, 312
26, 184
26, 186
26, 380
26, 255
26, 191
154, 432
283, 317
283, 360
283, 439
283, 297
27, 129
27, 257
27, 130
27, 260
27, 133
27, 261
27, 389
27, 262
27, 263
27, 264
27, 139
27, 269
27, 271
27, 274
27, 404
27, 405
27, 408
27, 280
27, 409
27, 153
27, 282
27, 283
27, 411
27, 412
27, 30
27, 414
27, 288
27, 32
27, 417
27, 292
27, 164
27, 293
27, 294
27, 422
27, 296
27, 40
27, 297
27, 170
27, 300
27, 172
27, 429
27, 173
27, 301
27, 302
27, 430
27, 431
27, 179
27, 180
27, 308
27, 182
27, 438
27, 439
27, 312
27, 56
27, 313
27, 57
27, 186
27, 443
27, 316
27, 444
27, 317
27, 65
27, 66
27, 322
27, 451
27, 325
27, 453
27, 327
27, 71
27, 456
27, 457
27, 201
27, 330
27, 458
27, 459
27, 204
27, 333
27, 464
27, 80
27, 209
27, 337
27, 465
27, 466
27, 210
27, 211
27, 85
27, 342
27, 216
27, 474
27, 347
27, 91
27, 92
27, 93
27, 478
27, 222
27, 223
27, 224
27, 225
27, 482
27, 227
27, 356
27, 230
27, 486
27, 360
27, 488
27, 104
27, 489
27, 362
27, 363
27, 236
27, 493
27, 238
27, 110
27, 496
27, 368
27, 369
27, 370
27, 499
27, 243
27, 372
27, 500
27, 246
27, 375
27, 248
27, 249
27, 378
27, 251
27, 379
27, 124
155, 467
155, 448
155, 320
155, 247
284, 416
28, 389
28, 455
28, 264
28, 457
28, 137
28, 331
28, 459
28, 139
28, 332
28, 333
28, 463
28, 335
28, 464
28, 273
28, 337
28, 466
28, 274
28, 211
28, 404
28, 405
28, 280
28, 345
28, 474
28, 91
28, 93
28, 414
28, 351
28, 352
28, 288
28, 417
28, 289
28, 482
28, 291
28, 164
28, 356
28, 229
28, 165
28, 422
28, 294
28, 295
28, 296
28, 104
28, 488
28, 489
28, 169
28, 362
28, 170
28, 363
28, 107
28, 493
28, 45
28, 499
28, 375
28, 312
28, 120
28, 313
28, 57
28, 443
28, 379
156, 263
156, 262
285, 499
285, 474
29, 343
29, 181
157, 434
157, 185
414, 488
30, 257
30, 322
30, 130
30, 451
30, 260
30, 389
30, 325
30, 71
30, 456
30, 264
30, 457
30, 330
30, 139
30, 204
30, 209
30, 337
30, 274
30, 466
30, 405
30, 342
30, 282
30, 283
30, 411
30, 414
30, 478
30, 223
30, 224
30, 288
30, 32
30, 225
30, 292
30, 293
30, 294
30, 40
30, 360
30, 488
30, 297
30, 170
30, 236
30, 493
30, 368
30, 243
30, 182
30, 246
30, 438
30, 439
30, 375
30, 56
30, 57
30, 249
30, 186
30, 378
30, 251
30, 379
30, 444
30, 317
158, 462
158, 455
158, 270
287, 398
31, 237
31, 200
31, 99
159, 265
159, 396
159, 209
159, 411
159, 419
159, 428
159, 177
159, 373
159, 445
288, 457
32, 257
32, 130
32, 451
32, 260
32, 325
32, 389
32, 71
32, 264
32, 456
32, 457
32, 330
32, 139
32, 204
32, 337
32, 209
32, 466
32, 274
32, 342
32, 411
32, 283
32, 478
32, 414
32, 223
32, 288
32, 224
32, 225
32, 292
32, 293
32, 294
32, 488
32, 360
32, 40
32, 297
32, 170
32, 236
32, 493
32, 368
32, 243
32, 182
32, 375
32, 439
32, 56
32, 249
32, 57
32, 378
32, 186
32, 379
32, 251
32, 444
32, 317
33, 384
33, 258
33, 195
33, 387
33, 388
33, 389
33, 262
33, 263
33, 265
33, 140
33, 337
33, 209
33, 145
33, 338
33, 82
33, 83
33, 467
33, 340
33, 213
33, 343
33, 279
33, 410
33, 475
33, 156
33, 286
33, 415
33, 161
33, 290
33, 166
33, 294
33, 231
33, 361
33, 105
33, 170
33, 428
33, 495
33, 240
33, 177
33, 497
33, 306
33, 307
33, 499
33, 373
33, 441
33, 127
161, 307
161, 497
161, 343
161, 279
161, 231
161, 213
34, 128
34, 449
34, 386
34, 387
34, 132
34, 331
34, 203
34, 463
34, 277
34, 341
34, 472
34, 477
34, 97
34, 98
34, 423
34, 488
34, 425
34, 233
34, 234
34, 363
34, 171
34, 174
34, 49
34, 498
34, 306
34, 370
34, 248
34, 314
34, 444
34, 60
34, 189
34, 446
34, 447
162, 365
162, 435
162, 359
291, 352
291, 331
35, 322
35, 228
35, 303
35, 445
35, 311
35, 205
35, 59
163, 261
292, 368
36, 72
36, 395
36, 334
36, 90
36, 416
36, 164
36, 421
36, 422
36, 492
36, 172
36, 369
36, 372
36, 180
36, 184
36, 312
36, 186
36, 255
164, 422
294, 389
38, 131
38, 387
38, 388
38, 260
38, 395
38, 208
38, 145
38, 82
38, 275
38, 214
38, 470
38, 151
38, 473
38, 413
38, 221
38, 94
38, 351
38, 419
38, 487
38, 360
38, 297
38, 42
38, 428
38, 109
38, 302
38, 431
38, 304
38, 369
38, 434
38, 245
38, 54
38, 439
38, 184
38, 125
38, 317
166, 415
166, 384
166, 306
423, 449
39, 495
167, 272
296, 464
296, 443
40, 130
40, 451
40, 260
40, 71
40, 456
40, 330
40, 204
40, 283
40, 223
40, 224
40, 292
40, 293
40, 360
40, 297
40, 236
40, 368
40, 439
40, 375
40, 249
40, 317
297, 439
297, 360
297, 317
41, 417
41, 482
41, 397
41, 362
42, 387
42, 388
42, 395
42, 208
42, 145
42, 214
42, 221
42, 94
42, 487
42, 360
42, 297
42, 428
42, 304
42, 434
42, 439
42, 184
42, 317
170, 337
43, 375
43, 224
171, 234
300, 412
44, 451
44, 132
44, 206
44, 207
44, 81
44, 341
44, 215
44, 216
44, 472
44, 284
44, 413
44, 349
44, 286
44, 416
44, 230
44, 231
44, 360
44, 488
44, 361
44, 298
44, 234
44, 171
44, 49
44, 370
44, 438
44, 310
44, 314
172, 369
172, 180
45, 405
45, 333
45, 332
45, 137
173, 201
173, 458
173, 269
173, 333
173, 465
173, 210
173, 405
173, 342
173, 216
173, 411
173, 222
173, 478
173, 414
173, 227
173, 488
173, 301
173, 370
173, 243
173, 179
173, 500
46, 64
46, 320
46, 323
46, 324
46, 389
46, 261
46, 70
46, 199
46, 264
46, 456
46, 394
46, 202
46, 459
46, 78
46, 398
46, 142
46, 143
46, 463
46, 464
46, 400
46, 273
46, 146
46, 274
46, 466
46, 403
46, 467
46, 212
46, 404
46, 470
46, 280
46, 344
46, 90
46, 474
46, 476
46, 284
46, 285
46, 414
46, 287
46, 416
46, 481
46, 225
46, 163
46, 356
46, 420
46, 101
46, 421
46, 229
46, 102
46, 294
46, 488
46, 296
46, 234
46, 171
46, 363
46, 364
46, 303
46, 367
46, 499
46, 245
46, 309
46, 182
46, 313
46, 186
46, 378
46, 443
46, 379
46, 188
46, 252
46, 316
174, 449
174, 423
174, 363
174, 331
174, 306
174, 277
175, 339
304, 487
304, 428
48, 267
48, 399
48, 340
48, 404
48, 218
48, 477
48, 355
48, 356
48, 363
48, 241
48, 244
48, 313
176, 290
176, 294
176, 389
176, 499
176, 240
49, 370
49, 488
49, 171
49, 234
49, 472
49, 341
49, 132
177, 428
177, 373
177, 265
177, 209
50, 64
50, 321
50, 261
50, 197
50, 391
50, 329
50, 393
50, 267
50, 139
50, 77
50, 462
50, 399
50, 463
50, 335
50, 464
50, 272
50, 336
50, 401
50, 273
50, 403
50, 339
50, 468
50, 404
50, 469
50, 278
50, 408
50, 345
50, 346
50, 154
50, 351
50, 96
50, 163
50, 420
50, 229
50, 422
50, 167
50, 296
50, 424
50, 365
50, 367
50, 496
50, 432
50, 433
50, 435
50, 116
50, 53
50, 55
50, 440
50, 120
50, 377
50, 442
50, 443
50, 187
50, 381
50, 382
50, 318
50, 126
178, 433
178, 258
178, 187
307, 497
51, 192
51, 449
51, 323
51, 67
51, 196
51, 199
51, 73
51, 394
51, 266
51, 74
51, 459
51, 331
51, 75
51, 396
51, 397
51, 401
51, 146
51, 402
51, 275
51, 84
51, 277
51, 470
51, 89
51, 474
51, 285
51, 221
51, 350
51, 101
51, 421
51, 423
51, 425
51, 363
51, 430
51, 174
51, 494
51, 369
51, 306
51, 499
51, 371
51, 308
51, 436
51, 309
51, 374
51, 440
51, 185
51, 252
51, 253
179, 201
308, 430
180, 369
53, 261
53, 367
53, 420
53, 469
53, 422
53, 163
53, 64
54, 473
54, 302
54, 125
182, 378
182, 379
182, 225
311, 322
55, 463
55, 272
55, 464
55, 273
55, 229
55, 167
55, 296
55, 120
55, 442
55, 443
183, 198
56, 257
56, 209
56, 186
184, 395
313, 363
313, 404
313, 356
57, 389
57, 264
57, 457
57, 139
57, 337
57, 274
57, 466
57, 414
57, 288
57, 294
57, 488
57, 170
57, 493
58, 321
58, 130
58, 389
58, 198
58, 71
58, 456
58, 329
58, 274
58, 466
58, 147
58, 406
58, 342
58, 278
58, 86
58, 410
58, 411
58, 414
58, 478
58, 95
58, 160
58, 481
58, 227
58, 292
58, 357
58, 486
58, 294
58, 488
58, 489
58, 430
58, 367
58, 112
58, 368
58, 243
58, 500
58, 310
58, 440
58, 123
58, 382
59, 445
59, 303
59, 228
187, 433
60, 449
60, 203
60, 331
60, 277
60, 97
60, 423
60, 425
60, 363
60, 174
60, 306
60, 498
60, 446
61, 363
61, 404
61, 490
61, 424
61, 356
61, 352
189, 447
189, 444
189, 248
62, 257
62, 449
62, 67
62, 325
62, 133
62, 74
62, 331
62, 75
62, 334
62, 84
62, 277
62, 221
62, 350
62, 480
62, 421
62, 423
62, 363
62, 492
62, 302
62, 174
62, 494
62, 239
62, 306
62, 372
62, 436
62, 309
62, 440
62, 185
62, 121
62, 251
62, 316
62, 190
319, 460
63, 322
63, 194
63, 323
63, 324
63, 389
63, 198
63, 265
63, 137
63, 457
63, 396
63, 271
63, 209
63, 274
63, 466
63, 214
63, 406
63, 215
63, 88
63, 411
63, 477
63, 414
63, 159
63, 95
63, 353
63, 355
63, 419
63, 294
63, 486
63, 487
63, 488
63, 427
63, 428
63, 429
63, 366
63, 110
63, 367
63, 431
63, 112
63, 177
63, 114
63, 115
63, 373
63, 310
63, 311
63, 314
63, 250
63, 445
63, 382
63, 255
191, 484
191, 452
191, 412
191, 354
191, 219
320, 467
64, 420
64, 367
192, 401
192, 371
192, 196
321, 440
321, 329
65, 453
65, 201
65, 458
65, 459
65, 333
65, 269
65, 80
65, 465
65, 210
65, 211
65, 404
65, 405
65, 342
65, 216
65, 280
65, 474
65, 411
65, 91
65, 93
65, 414
65, 478
65, 222
65, 417
65, 482
65, 227
65, 356
65, 164
65, 422
65, 488
65, 104
65, 489
65, 362
65, 363
65, 301
65, 173
65, 430
65, 370
65, 179
65, 243
65, 499
65, 500
65, 308
65, 248
65, 312
65, 313
66, 260
66, 325
66, 133
66, 262
66, 263
66, 327
66, 458
66, 333
66, 269
66, 271
66, 465
66, 210
66, 405
66, 342
66, 216
66, 408
66, 153
66, 409
66, 411
66, 222
66, 478
66, 223
66, 227
66, 486
66, 429
66, 301
66, 302
66, 431
66, 496
66, 370
66, 243
66, 500
66, 372
66, 251
66, 316
194, 214
67, 449
67, 74
67, 75
67, 331
67, 84
67, 277
67, 221
67, 350
67, 423
67, 363
67, 494
67, 174
67, 306
67, 436
67, 440
67, 185
68, 321
68, 390
68, 457
68, 329
68, 331
68, 217
68, 220
68, 349
68, 415
68, 288
68, 352
68, 291
68, 360
68, 490
68, 108
68, 440
68, 315
69, 263
69, 213
69, 343
69, 279
69, 161
69, 231
69, 497
69, 307
69, 244
197, 468
197, 462
197, 381
197, 318
70, 320
70, 323
70, 324
70, 261
70, 389
70, 199
70, 264
70, 202
70, 394
70, 459
70, 142
70, 398
70, 78
70, 463
70, 143
70, 464
70, 273
70, 466
70, 274
70, 146
70, 467
70, 403
70, 404
70, 212
70, 470
70, 344
70, 280
70, 474
70, 90
70, 284
70, 476
70, 285
70, 414
70, 287
70, 416
70, 225
70, 481
70, 163
70, 356
70, 229
70, 421
70, 101
70, 294
70, 102
70, 296
70, 488
70, 234
70, 363
70, 171
70, 364
70, 303
70, 499
70, 309
70, 245
70, 182
70, 313
70, 378
70, 186
70, 379
70, 443
70, 316
70, 252
70, 188
71, 292
71, 368
71, 456
71, 130
199, 474
199, 499
199, 285
72, 395
72, 255
72, 184
200, 237
329, 440
73, 192
73, 323
73, 196
73, 266
73, 394
73, 459
73, 397
73, 401
73, 277
73, 470
73, 421
73, 101
73, 425
73, 430
73, 371
73, 308
73, 252
202, 320
202, 389
202, 264
202, 463
202, 464
202, 273
202, 274
202, 466
202, 467
202, 212
202, 476
202, 414
202, 229
202, 294
202, 488
202, 296
202, 443
75, 449
75, 331
75, 84
75, 277
75, 221
75, 423
75, 363
75, 174
75, 494
75, 306
76, 258
76, 387
76, 388
76, 138
76, 145
76, 275
76, 340
76, 151
76, 471
76, 410
76, 413
76, 157
76, 286
76, 351
76, 480
76, 481
76, 420
76, 485
76, 426
76, 364
76, 366
76, 494
76, 433
76, 369
76, 113
76, 434
76, 178
76, 245
76, 185
76, 441
76, 121
76, 187
76, 127
204, 330
204, 283
204, 224
204, 293
204, 360
204, 297
204, 236
204, 375
204, 439
204, 317
333, 405
334, 492
334, 421
334, 372
78, 199
78, 398
78, 146
78, 403
78, 212
78, 474
78, 285
78, 287
78, 499
78, 309
206, 216
206, 286
206, 413
206, 438
206, 451
206, 298
206, 231
206, 207
335, 351
335, 345
79, 452
79, 219
79, 412
79, 354
79, 484
79, 165
79, 295
79, 369
79, 180
79, 376
79, 188
79, 191
207, 438
207, 413
207, 286
207, 216
336, 346
80, 453
80, 459
80, 211
80, 404
80, 280
80, 474
80, 91
80, 93
80, 417
80, 482
80, 164
80, 356
80, 422
80, 104
80, 489
80, 362
80, 363
80, 499
80, 312
80, 248
80, 313
81, 451
81, 206
81, 207
81, 216
81, 413
81, 286
81, 231
81, 361
81, 298
81, 438
210, 458
210, 269
210, 333
210, 465
210, 405
210, 342
210, 216
210, 411
210, 478
210, 222
210, 227
210, 301
210, 370
210, 243
210, 500
83, 384
83, 258
83, 387
83, 195
83, 388
83, 389
83, 265
83, 140
83, 145
83, 209
83, 337
83, 338
83, 340
83, 213
83, 279
83, 343
83, 410
83, 286
83, 415
83, 161
83, 290
83, 294
83, 166
83, 231
83, 105
83, 361
83, 170
83, 428
83, 240
83, 497
83, 177
83, 306
83, 499
83, 307
83, 373
83, 441
83, 127
211, 312
341, 488
341, 370
85, 124
342, 411
86, 321
86, 329
86, 278
86, 342
86, 410
86, 411
86, 478
86, 227
86, 357
86, 243
86, 500
86, 440
86, 123
86, 382
87, 496
87, 376
87, 328
87, 242
215, 314
88, 389
88, 198
88, 265
88, 396
88, 271
88, 209
88, 466
88, 274
88, 406
88, 411
88, 477
88, 414
88, 95
88, 159
88, 419
88, 355
88, 486
88, 294
88, 488
88, 428
88, 429
88, 110
88, 431
88, 367
88, 112
88, 177
88, 373
88, 310
88, 445
345, 351
89, 369
89, 275
217, 360
217, 329
217, 440
217, 349
217, 321
474, 499
90, 186
218, 313
218, 355
218, 363
218, 404
218, 356
218, 477
218, 340
218, 241
91, 499
91, 474
92, 238
92, 230
220, 331
220, 352
220, 457
220, 490
220, 415
220, 291
220, 288
349, 360
93, 459
93, 211
93, 404
93, 280
93, 417
93, 482
93, 356
93, 164
93, 422
93, 104
93, 489
93, 362
93, 363
93, 312
93, 313
94, 317
94, 360
94, 439
94, 434
94, 297
94, 221
94, 208
222, 243
222, 500
222, 411
222, 478
222, 342
222, 465
222, 227
95, 389
95, 198
95, 466
95, 274
95, 406
95, 414
95, 294
95, 486
95, 488
95, 367
95, 112
95, 310
223, 260
224, 375
97, 449
97, 203
97, 331
97, 277
97, 423
97, 425
97, 363
97, 174
97, 498
97, 306
225, 379
225, 378
354, 484
355, 477
227, 342
227, 478
227, 411
227, 500
227, 243
356, 404
356, 363
100, 461
100, 400
100, 226
228, 445
101, 323
101, 394
101, 470
101, 421
101, 252
229, 443
229, 464
229, 463
229, 296
102, 320
102, 324
102, 389
102, 264
102, 202
102, 142
102, 463
102, 464
102, 273
102, 274
102, 466
102, 467
102, 212
102, 476
102, 284
102, 414
102, 416
102, 481
102, 229
102, 294
102, 488
102, 296
102, 364
102, 443
102, 316
359, 435
359, 365
103, 259
104, 459
104, 404
104, 280
104, 417
104, 482
104, 356
104, 362
104, 363
104, 313
105, 258
105, 265
105, 140
105, 337
105, 209
105, 338
105, 170
105, 428
105, 177
105, 373
233, 477
233, 463
233, 387
362, 482
362, 417
235, 338
364, 481
108, 321
108, 349
108, 440
108, 329
108, 360
108, 390
108, 315
108, 217
236, 293
365, 435
110, 429
110, 431
110, 271
111, 458
111, 394
239, 257
112, 486
112, 406
112, 367
112, 310
240, 499
240, 389
240, 294
240, 290
113, 480
113, 494
113, 426
113, 420
113, 121
241, 477
241, 356
241, 404
241, 363
241, 355
241, 313
114, 382
114, 427
114, 366
114, 353
114, 255
114, 250
371, 401
115, 487
115, 323
243, 411
243, 478
243, 342
373, 428
117, 344
118, 461
246, 405
247, 448
120, 296
120, 463
120, 464
120, 443
120, 273
120, 229
121, 480
378, 379
122, 484
250, 427
250, 382
251, 325
252, 470
252, 394
252, 323
381, 468
125, 473
253, 374
126, 401
254, 450
127, 387
127, 441
127, 410
127, 388
127, 340
127, 286
127, 145
