Query: query1
128, 301
128, 302
128, 303
128, 304
128, 305
128, 306
128, 307
128, 308
128, 309
128, 310
256, 301
256, 302
256, 303
256, 304
256, 305
256, 306
256, 307
256, 308
256, 309
256, 310
1, 301
1, 302
1, 303
1, 304
1, 305
1, 306
1, 307
1, 308
1, 309
1, 310
129, 301
129, 302
129, 303
129, 304
129, 305
129, 306
129, 307
129, 308
129, 309
129, 310
257, 301
257, 302
257, 303
257, 304
257, 305
257, 306
257, 307
257, 308
257, 309
257, 310
258, 301
258, 302
258, 303
258, 304
258, 305
258, 306
258, 307
258, 308
258, 309
258, 310
2, 301
2, 302
2, 303
2, 304
2, 305
2, 306
2, 307
2, 308
2, 309
2, 310
130, 301
130, 302
130, 303
130, 304
130, 305
130, 306
130, 307
130, 308
130, 309
130, 310
259, 301
259, 302
259, 303
259, 304
259, 305
259, 306
259, 307
259, 308
259, 309
259, 310
3, 301
3, 302
3, 303
3, 304
3, 305
3, 306
3, 307
3, 308
3, 309
3, 310
131, 301
131, 302
131, 303
131, 304
131, 305
131, 306
131, 307
131, 308
131, 309
131, 310
260, 301
260, 302
260, 303
260, 304
260, 305
260, 306
260, 307
260, 308
260, 309
260, 310
4, 301
4, 302
4, 303
4, 304
4, 305
4, 306
4, 307
4, 308
4, 309
4, 310
132, 301
132, 302
132, 303
132, 304
132, 305
132, 306
132, 307
132, 308
132, 309
132, 310
261, 301
261, 302
261, 303
261, 304
261, 305
261, 306
261, 307
261, 308
261, 309
261, 310
5, 301
5, 302
5, 303
5, 304
5, 305
5, 306
5, 307
5, 308
5, 309
5, 310
133, 301
133, 302
133, 303
133, 304
133, 305
133, 306
133, 307
133, 308
133, 309
133, 310
262, 301
262, 302
262, 303
262, 304
262, 305
262, 306
262, 307
262, 308
262, 309
262, 310
6, 301
6, 302
6, 303
6, 304
6, 305
6, 306
6, 307
6, 308
6, 309
6, 310
134, 301
134, 302
134, 303
134, 304
134, 305
134, 306
134, 307
134, 308
134, 309
134, 310
263, 301
263, 302
263, 303
263, 304
263, 305
263, 306
263, 307
263, 308
263, 309
263, 310
7, 301
7, 302
7, 303
7, 304
7, 305
7, 306
7, 307
7, 308
7, 309
7, 310
135, 301
135, 302
135, 303
135, 304
135, 305
135, 306
135, 307
135, 308
135, 309
135, 310
264, 301
264, 302
264, 303
264, 304
264, 305
264, 306
264, 307
264, 308
264, 309
264, 310
8, 301
8, 302
8, 303
8, 304
8, 305
8, 306
8, 307
8, 308
8, 309
8, 310
136, 301
136, 302
136, 303
136, 304
136, 305
136, 306
136, 307
136, 308
136, 309
136, 310
265, 301
265, 302
265, 303
265, 304
265, 305
265, 306
265, 307
265, 308
265, 309
265, 310
9, 301
9, 302
9, 303
9, 304
9, 305
9, 306
9, 307
9, 308
9, 309
9, 310
137, 301
137, 302
137, 303
137, 304
137, 305
137, 306
137, 307
137, 308
137, 309
137, 310
266, 301
266, 302
266, 303
266, 304
266, 305
266, 306
266, 307
266, 308
266, 309
266, 310
10, 301
10, 302
10, 303
10, 304
10, 305
10, 306
10, 307
10, 308
10, 309
10, 310
138, 301
138, 302
138, 303
138, 304
138, 305
138, 306
138, 307
138, 308
138, 309
138, 310
267, 301
267, 302
267, 303
267, 304
267, 305
267, 306
267, 307
267, 308
267, 309
267, 310
11, 301
11, 302
11, 303
11, 304
11, 305
11, 306
11, 307
11, 308
11, 309
11, 310
139, 301
139, 302
139, 303
139, 304
139, 305
139, 306
139, 307
139, 308
139, 309
139, 310
268, 301
268, 302
268, 303
268, 304
268, 305
268, 306
268, 307
268, 308
268, 309
268, 310
12, 301
12, 302
12, 303
12, 304
12, 305
12, 306
12, 307
12, 308
12, 309
12, 310
140, 301
140, 302
140, 303
140, 304
140, 305
140, 306
140, 307
140, 308
140, 309
140, 310
269, 301
269, 302
269, 303
269, 304
269, 305
269, 306
269, 307
269, 308
269, 309
269, 310
13, 301
13, 302
13, 303
13, 304
13, 305
13, 306
13, 307
13, 308
13, 309
13, 310
141, 301
141, 302
141, 303
141, 304
141, 305
141, 306
141, 307
141, 308
141, 309
141, 310
270, 301
270, 302
270, 303
270, 304
270, 305
270, 306
270, 307
270, 308
270, 309
270, 310
14, 301
14, 302
14, 303
14, 304
14, 305
14, 306
14, 307
14, 308
14, 309
14, 310
142, 301
142, 302
142, 303
142, 304
142, 305
142, 306
142, 307
142, 308
142, 309
142, 310
271, 301
271, 302
271, 303
271, 304
271, 305
271, 306
271, 307
271, 308
271, 309
271, 310
15, 301
15, 302
15, 303
15, 304
15, 305
15, 306
15, 307
15, 308
15, 309
15, 310
143, 301
143, 302
143, 303
143, 304
143, 305
143, 306
143, 307
143, 308
143, 309
143, 310
272, 301
272, 302
272, 303
272, 304
272, 305
272, 306
272, 307
272, 308
272, 309
272, 310
16, 301
16, 302
16, 303
16, 304
16, 305
16, 306
16, 307
16, 308
16, 309
16, 310
144, 301
144, 302
144, 303
144, 304
144, 305
144, 306
144, 307
144, 308
144, 309
144, 310
273, 301
273, 302
273, 303
273, 304
273, 305
273, 306
273, 307
273, 308
273, 309
273, 310
17, 301
17, 302
17, 303
17, 304
17, 305
17, 306
17, 307
17, 308
17, 309
17, 310
145, 301
145, 302
145, 303
145, 304
145, 305
145, 306
145, 307
145, 308
145, 309
145, 310
274, 301
274, 302
274, 303
274, 304
274, 305
274, 306
274, 307
274, 308
274, 309
274, 310
18, 301
18, 302
18, 303
18, 304
18, 305
18, 306
18, 307
18, 308
18, 309
18, 310
146, 301
146, 302
146, 303
146, 304
146, 305
146, 306
146, 307
146, 308
146, 309
146, 310
275, 301
275, 302
275, 303
275, 304
275, 305
275, 306
275, 307
275, 308
275, 309
275, 310
19, 301
19, 302
19, 303
19, 304
19, 305
19, 306
19, 307
19, 308
19, 309
19, 310
147, 301
147, 302
147, 303
147, 304
147, 305
147, 306
147, 307
147, 308
147, 309
147, 310
276, 301
276, 302
276, 303
276, 304
276, 305
276, 306
276, 307
276, 308
276, 309
276, 310
20, 301
20, 302
20, 303
20, 304
20, 305
20, 306
20, 307
20, 308
20, 309
20, 310
148, 301
148, 302
148, 303
148, 304
148, 305
148, 306
148, 307
148, 308
148, 309
148, 310
277, 301
277, 302
277, 303
277, 304
277, 305
277, 306
277, 307
277, 308
277, 309
277, 310
21, 301
21, 302
21, 303
21, 304
21, 305
21, 306
21, 307
21, 308
21, 309
21, 310
149, 301
149, 302
149, 303
149, 304
149, 305
149, 306
149, 307
149, 308
149, 309
149, 310
278, 301
278, 302
278, 303
278, 304
278, 305
278, 306
278, 307
278, 308
278, 309
278, 310
22, 301
22, 302
22, 303
22, 304
22, 305
22, 306
22, 307
22, 308
22, 309
22, 310
150, 301
150, 302
150, 303
150, 304
150, 305
150, 306
150, 307
150, 308
150, 309
150, 310
279, 301
279, 302
279, 303
279, 304
279, 305
279, 306
279, 307
279, 308
279, 309
279, 310
23, 301
23, 302
23, 303
23, 304
23, 305
23, 306
23, 307
23, 308
23, 309
23, 310
151, 301
151, 302
151, 303
151, 304
151, 305
151, 306
151, 307
151, 308
151, 309
151, 310
280, 301
280, 302
280, 303
280, 304
280, 305
280, 306
280, 307
280, 308
280, 309
280, 310
24, 301
24, 302
24, 303
24, 304
24, 305
24, 306
24, 307
24, 308
24, 309
24, 310
152, 301
152, 302
152, 303
152, 304
152, 305
152, 306
152, 307
152, 308
152, 309
152, 310
281, 301
281, 302
281, 303
281, 304
281, 305
281, 306
281, 307
281, 308
281, 309
281, 310
25, 301
25, 302
25, 303
25, 304
25, 305
25, 306
25, 307
25, 308
25, 309
25, 310
153, 301
153, 302
153, 303
153, 304
153, 305
153, 306
153, 307
153, 308
153, 309
153, 310
282, 301
282, 302
282, 303
282, 304
282, 305
282, 306
282, 307
282, 308
282, 309
282, 310
26, 301
26, 302
26, 303
26, 304
26, 305
26, 306
26, 307
26, 308
26, 309
26, 310
154, 301
154, 302
154, 303
154, 304
154, 305
154, 306
154, 307
154, 308
154, 309
154, 310
283, 301
283, 302
283, 303
283, 304
283, 305
283, 306
283, 307
283, 308
283, 309
283, 310
27, 301
27, 302
27, 303
27, 304
27, 305
27, 306
27, 307
27, 308
27, 309
27, 310
155, 301
155, 302
155, 303
155, 304
155, 305
155, 306
155, 307
155, 308
155, 309
155, 310
284, 301
284, 302
284, 303
284, 304
284, 305
284, 306
284, 307
284, 308
284, 309
284, 310
28, 301
28, 302
28, 303
28, 304
28, 305
28, 306
28, 307
28, 308
28, 309
28, 310
156, 301
156, 302
156, 303
156, 304
156, 305
156, 306
156, 307
156, 308
156, 309
156, 310
285, 301
285, 302
285, 303
285, 304
285, 305
285, 306
285, 307
285, 308
285, 309
285, 310
29, 301
29, 302
29, 303
29, 304
29, 305
29, 306
29, 307
29, 308
29, 309
29, 310
157, 301
157, 302
157, 303
157, 304
157, 305
157, 306
157, 307
157, 308
157, 309
157, 310
286, 301
286, 302
286, 303
286, 304
286, 305
286, 306
286, 307
286, 308
286, 309
286, 310
30, 301
30, 302
30, 303
30, 304
30, 305
30, 306
30, 307
30, 308
30, 309
30, 310
158, 301
158, 302
158, 303
158, 304
158, 305
158, 306
158, 307
158, 308
158, 309
158, 310
287, 301
287, 302
287, 303
287, 304
287, 305
287, 306
287, 307
287, 308
287, 309
287, 310
31, 301
31, 302
31, 303
31, 304
31, 305
31, 306
31, 307
31, 308
31, 309
31, 310
159, 301
159, 302
159, 303
159, 304
159, 305
159, 306
159, 307
159, 308
159, 309
159, 310
288, 301
288, 302
288, 303
288, 304
288, 305
288, 306
288, 307
288, 308
288, 309
288, 310
32, 301
32, 302
32, 303
32, 304
32, 305
32, 306
32, 307
32, 308
32, 309
32, 310
160, 301
160, 302
160, 303
160, 304
160, 305
160, 306
160, 307
160, 308
160, 309
160, 310
289, 301
289, 302
289, 303
289, 304
289, 305
289, 306
289, 307
289, 308
289, 309
289, 310
33, 301
33, 302
33, 303
33, 304
33, 305
33, 306
33, 307
33, 308
33, 309
33, 310
161, 301
161, 302
161, 303
161, 304
161, 305
161, 306
161, 307
161, 308
161, 309
161, 310
290, 301
290, 302
290, 303
290, 304
290, 305
290, 306
290, 307
290, 308
290, 309
290, 310
34, 301
34, 302
34, 303
34, 304
34, 305
34, 306
34, 307
34, 308
34, 309
34, 310
162, 301
162, 302
162, 303
162, 304
162, 305
162, 306
162, 307
162, 308
162, 309
162, 310
291, 301
291, 302
291, 303
291, 304
291, 305
291, 306
291, 307
291, 308
291, 309
291, 310
35, 301
35, 302
35, 303
35, 304
35, 305
35, 306
35, 307
35, 308
35, 309
35, 310
163, 301
163, 302
163, 303
163, 304
163, 305
163, 306
163, 307
163, 308
163, 309
163, 310
292, 301
292, 302
292, 303
292, 304
292, 305
292, 306
292, 307
292, 308
292, 309
292, 310
36, 301
36, 302
36, 303
36, 304
36, 305
36, 306
36, 307
36, 308
36, 309
36, 310
164, 301
164, 302
164, 303
164, 304
164, 305
164, 306
164, 307
164, 308
164, 309
164, 310
293, 301
293, 302
293, 303
293, 304
293, 305
293, 306
293, 307
293, 308
293, 309
293, 310
37, 301
37, 302
37, 303
37, 304
37, 305
37, 306
37, 307
37, 308
37, 309
37, 310
165, 301
165, 302
165, 303
165, 304
165, 305
165, 306
165, 307
165, 308
165, 309
165, 310
294, 301
294, 302
294, 303
294, 304
294, 305
294, 306
294, 307
294, 308
294, 309
294, 310
38, 301
38, 302
38, 303
38, 304
38, 305
38, 306
38, 307
38, 308
38, 309
38, 310
166, 301
166, 302
166, 303
166, 304
166, 305
166, 306
166, 307
166, 308
166, 309
166, 310
295, 301
295, 302
295, 303
295, 304
295, 305
295, 306
295, 307
295, 308
295, 309
295, 310
39, 301
39, 302
39, 303
39, 304
39, 305
39, 306
39, 307
39, 308
39, 309
39, 310
167, 301
167, 302
167, 303
167, 304
167, 305
167, 306
167, 307
167, 308
167, 309
167, 310
296, 301
296, 302
296, 303
296, 304
296, 305
296, 306
296, 307
296, 308
296, 309
296, 310
40, 301
40, 302
40, 303
40, 304
40, 305
40, 306
40, 307
40, 308
40, 309
40, 310
168, 301
168, 302
168, 303
168, 304
168, 305
168, 306
168, 307
168, 308
168, 309
168, 310
297, 301
297, 302
297, 303
297, 304
297, 305
297, 306
297, 307
297, 308
297, 309
297, 310
41, 301
41, 302
41, 303
41, 304
41, 305
41, 306
41, 307
41, 308
41, 309
41, 310
169, 301
169, 302
169, 303
169, 304
169, 305
169, 306
169, 307
169, 308
169, 309
169, 310
298, 301
298, 302
298, 303
298, 304
298, 305
298, 306
298, 307
298, 308
298, 309
298, 310
42, 301
42, 302
42, 303
42, 304
42, 305
42, 306
42, 307
42, 308
42, 309
42, 310
170, 301
170, 302
170, 303
170, 304
170, 305
170, 306
170, 307
170, 308
170, 309
170, 310
299, 301
299, 302
299, 303
299, 304
299, 305
299, 306
299, 307
299, 308
299, 309
299, 310
43, 301
43, 302
43, 303
43, 304
43, 305
43, 306
43, 307
43, 308
43, 309
43, 310
171, 301
171, 302
171, 303
171, 304
171, 305
171, 306
171, 307
171, 308
171, 309
171, 310
300, 301
300, 302
300, 303
300, 304
300, 305
300, 306
300, 307
300, 308
300, 309
300, 310
44, 301
44, 302
44, 303
44, 304
44, 305
44, 306
44, 307
44, 308
44, 309
44, 310
172, 301
172, 302
172, 303
172, 304
172, 305
172, 306
172, 307
172, 308
172, 309
172, 310
301, 302
301, 303
301, 304
301, 305
301, 306
301, 307
301, 308
301, 309
301, 310
45, 301
45, 302
45, 303
45, 304
45, 305
45, 306
45, 307
45, 308
45, 309
45, 310
173, 301
173, 302
173, 303
173, 304
173, 305
173, 306
173, 307
173, 308
173, 309
173, 310
302, 310
302, 309
302, 308
302, 307
302, 306
302, 305
302, 304
302, 303
46, 301
46, 302
46, 303
46, 304
46, 305
46, 306
46, 307
46, 308
46, 309
46, 310
174, 301
174, 302
174, 303
174, 304
174, 305
174, 306
174, 307
174, 308
174, 309
174, 310
303, 310
303, 309
303, 308
303, 307
303, 306
303, 305
303, 304
47, 301
47, 302
47, 303
47, 304
47, 305
47, 306
47, 307
47, 308
47, 309
47, 310
175, 301
175, 302
175, 303
175, 304
175, 305
175, 306
175, 307
175, 308
175, 309
175, 310
304, 310
304, 309
304, 308
304, 307
304, 306
304, 305
48, 301
48, 302
48, 303
48, 304
48, 305
48, 306
48, 307
48, 308
48, 309
48, 310
176, 301
176, 302
176, 303
176, 304
176, 305
176, 306
176, 307
176, 308
176, 309
176, 310
305, 310
305, 309
305, 308
305, 307
305, 306
49, 301
49, 302
49, 303
49, 304
49, 305
49, 306
49, 307
49, 308
49, 309
49, 310
177, 301
177, 302
177, 303
177, 304
177, 305
177, 306
177, 307
177, 308
177, 309
177, 310
306, 310
306, 309
306, 308
306, 307
50, 301
50, 302
50, 303
50, 304
50, 305
50, 306
50, 307
50, 308
50, 309
50, 310
178, 301
178, 302
178, 303
178, 304
178, 305
178, 306
178, 307
178, 308
178, 309
178, 310
307, 310
307, 309
307, 308
51, 301
51, 302
51, 303
51, 304
51, 305
51, 306
51, 307
51, 308
51, 309
51, 310
179, 301
179, 302
179, 303
179, 304
179, 305
179, 306
179, 307
179, 308
179, 309
179, 310
308, 310
308, 309
52, 301
52, 302
52, 303
52, 304
52, 305
52, 306
52, 307
52, 308
52, 309
52, 310
180, 301
180, 302
180, 303
180, 304
180, 305
180, 306
180, 307
180, 308
180, 309
180, 310
309, 310
53, 301
53, 302
53, 303
53, 304
53, 305
53, 306
53, 307
53, 308
53, 309
53, 310
181, 301
181, 302
181, 303
181, 304
181, 305
181, 306
181, 307
181, 308
181, 309
181, 310
54, 301
54, 302
54, 303
54, 304
54, 305
54, 306
54, 307
54, 308
54, 309
54, 310
182, 301
182, 302
182, 303
182, 304
182, 305
182, 306
182, 307
182, 308
182, 309
182, 310
55, 301
55, 302
55, 303
55, 304
55, 305
55, 306
55, 307
55, 308
55, 309
55, 310
183, 301
183, 302
183, 303
183, 304
183, 305
183, 306
183, 307
183, 308
183, 309
183, 310
56, 301
56, 302
56, 303
56, 304
56, 305
56, 306
56, 307
56, 308
56, 309
56, 310
184, 301
184, 302
184, 303
184, 304
184, 305
184, 306
184, 307
184, 308
184, 309
184, 310
57, 301
57, 302
57, 303
57, 304
57, 305
57, 306
57, 307
57, 308
57, 309
57, 310
185, 301
185, 302
185, 303
185, 304
185, 305
185, 306
185, 307
185, 308
185, 309
185, 310
58, 301
58, 302
58, 303
58, 304
58, 305
58, 306
58, 307
58, 308
58, 309
58, 310
186, 301
186, 302
186, 303
186, 304
186, 305
186, 306
186, 307
186, 308
186, 309
186, 310
59, 301
59, 302
59, 303
59, 304
59, 305
59, 306
59, 307
59, 308
59, 309
59, 310
187, 301
187, 302
187, 303
187, 304
187, 305
187, 306
187, 307
187, 308
187, 309
187, 310
60, 301
60, 302
60, 303
60, 304
60, 305
60, 306
60, 307
60, 308
60, 309
60, 310
188, 301
188, 302
188, 303
188, 304
188, 305
188, 306
188, 307
188, 308
188, 309
188, 310
61, 301
61, 302
61, 303
61, 304
61, 305
61, 306
61, 307
61, 308
61, 309
61, 310
189, 301
189, 302
189, 303
189, 304
189, 305
189, 306
189, 307
189, 308
189, 309
189, 310
62, 301
62, 302
62, 303
62, 304
62, 305
62, 306
62, 307
62, 308
62, 309
62, 310
190, 301
190, 302
190, 303
190, 304
190, 305
190, 306
190, 307
190, 308
190, 309
190, 310
63, 301
63, 302
63, 303
63, 304
63, 305
63, 306
63, 307
63, 308
63, 309
63, 310
191, 301
191, 302
191, 303
191, 304
191, 305
191, 306
191, 307
191, 308
191, 309
191, 310
64, 301
64, 302
64, 303
64, 304
64, 305
64, 306
64, 307
64, 308
64, 309
64, 310
192, 301
192, 302
192, 303
192, 304
192, 305
192, 306
192, 307
192, 308
192, 309
192, 310
65, 301
65, 302
65, 303
65, 304
65, 305
65, 306
65, 307
65, 308
65, 309
65, 310
193, 301
193, 302
193, 303
193, 304
193, 305
193, 306
193, 307
193, 308
193, 309
193, 310
66, 301
66, 302
66, 303
66, 304
66, 305
66, 306
66, 307
66, 308
66, 309
66, 310
194, 301
194, 302
194, 303
194, 304
194, 305
194, 306
194, 307
194, 308
194, 309
194, 310
67, 301
67, 302
67, 303
67, 304
67, 305
67, 306
67, 307
67, 308
67, 309
67, 310
195, 301
195, 302
195, 303
195, 304
195, 305
195, 306
195, 307
195, 308
195, 309
195, 310
68, 301
68, 302
68, 303
68, 304
68, 305
68, 306
68, 307
68, 308
68, 309
68, 310
196, 301
196, 302
196, 303
196, 304
196, 305
196, 306
196, 307
196, 308
196, 309
196, 310
69, 301
69, 302
69, 303
69, 304
69, 305
69, 306
69, 307
69, 308
69, 309
69, 310
197, 301
197, 302
197, 303
197, 304
197, 305
197, 306
197, 307
197, 308
197, 309
197, 310
70, 301
70, 302
70, 303
70, 304
70, 305
70, 306
70, 307
70, 308
70, 309
70, 310
198, 301
198, 302
198, 303
198, 304
198, 305
198, 306
198, 307
198, 308
198, 309
198, 310
71, 301
71, 302
71, 303
71, 304
71, 305
71, 306
71, 307
71, 308
71, 309
71, 310
199, 301
199, 302
199, 303
199, 304
199, 305
199, 306
199, 307
199, 308
199, 309
199, 310
72, 301
72, 302
72, 303
72, 304
72, 305
72, 306
72, 307
72, 308
72, 309
72, 310
200, 301
200, 302
200, 303
200, 304
200, 305
200, 306
200, 307
200, 308
200, 309
200, 310
73, 301
73, 302
73, 303
73, 304
73, 305
73, 306
73, 307
73, 308
73, 309
73, 310
201, 301
201, 302
201, 303
201, 304
201, 305
201, 306
201, 307
201, 308
201, 309
201, 310
74, 301
74, 302
74, 303
74, 304
74, 305
74, 306
74, 307
74, 308
74, 309
74, 310
202, 301
202, 302
202, 303
202, 304
202, 305
202, 306
202, 307
202, 308
202, 309
202, 310
75, 301
75, 302
75, 303
75, 304
75, 305
75, 306
75, 307
75, 308
75, 309
75, 310
203, 301
203, 302
203, 303
203, 304
203, 305
203, 306
203, 307
203, 308
203, 309
203, 310
76, 301
76, 302
76, 303
76, 304
76, 305
76, 306
76, 307
76, 308
76, 309
76, 310
204, 301
204, 302
204, 303
204, 304
204, 305
204, 306
204, 307
204, 308
204, 309
204, 310
77, 301
77, 302
77, 303
77, 304
77, 305
77, 306
77, 307
77, 308
77, 309
77, 310
205, 301
205, 302
205, 303
205, 304
205, 305
205, 306
205, 307
205, 308
205, 309
205, 310
78, 301
78, 302
78, 303
78, 304
78, 305
78, 306
78, 307
78, 308
78, 309
78, 310
206, 301
206, 302
206, 303
206, 304
206, 305
206, 306
206, 307
206, 308
206, 309
206, 310
79, 301
79, 302
79, 303
79, 304
79, 305
79, 306
79, 307
79, 308
79, 309
79, 310
207, 301
207, 302
207, 303
207, 304
207, 305
207, 306
207, 307
207, 308
207, 309
207, 310
80, 301
80, 302
80, 303
80, 304
80, 305
80, 306
80, 307
80, 308
80, 309
80, 310
208, 301
208, 302
208, 303
208, 304
208, 305
208, 306
208, 307
208, 308
208, 309
208, 310
81, 301
81, 302
81, 303
81, 304
81, 305
81, 306
81, 307
81, 308
81, 309
81, 310
209, 301
209, 302
209, 303
209, 304
209, 305
209, 306
209, 307
209, 308
209, 309
209, 310
82, 301
82, 302
82, 303
82, 304
82, 305
82, 306
82, 307
82, 308
82, 309
82, 310
210, 301
210, 302
210, 303
210, 304
210, 305
210, 306
210, 307
210, 308
210, 309
210, 310
83, 301
83, 302
83, 303
83, 304
83, 305
83, 306
83, 307
83, 308
83, 309
83, 310
211, 301
211, 302
211, 303
211, 304
211, 305
211, 306
211, 307
211, 308
211, 309
211, 310
84, 301
84, 302
84, 303
84, 304
84, 305
84, 306
84, 307
84, 308
84, 309
84, 310
212, 301
212, 302
212, 303
212, 304
212, 305
212, 306
212, 307
212, 308
212, 309
212, 310
85, 301
85, 302
85, 303
85, 304
85, 305
85, 306
85, 307
85, 308
85, 309
85, 310
213, 301
213, 302
213, 303
213, 304
213, 305
213, 306
213, 307
213, 308
213, 309
213, 310
86, 301
86, 302
86, 303
86, 304
86, 305
86, 306
86, 307
86, 308
86, 309
86, 310
214, 301
214, 302
214, 303
214, 304
214, 305
214, 306
214, 307
214, 308
214, 309
214, 310
87, 301
87, 302
87, 303
87, 304
87, 305
87, 306
87, 307
87, 308
87, 309
87, 310
215, 301
215, 302
215, 303
215, 304
215, 305
215, 306
215, 307
215, 308
215, 309
215, 310
88, 301
88, 302
88, 303
88, 304
88, 305
88, 306
88, 307
88, 308
88, 309
88, 310
216, 301
216, 302
216, 303
216, 304
216, 305
216, 306
216, 307
216, 308
216, 309
216, 310
89, 301
89, 302
89, 303
89, 304
89, 305
89, 306
89, 307
89, 308
89, 309
89, 310
217, 301
217, 302
217, 303
217, 304
217, 305
217, 306
217, 307
217, 308
217, 309
217, 310
90, 301
90, 302
90, 303
90, 304
90, 305
90, 306
90, 307
90, 308
90, 309
90, 310
218, 301
218, 302
218, 303
218, 304
218, 305
218, 306
218, 307
218, 308
218, 309
218, 310
91, 301
91, 302
91, 303
91, 304
91, 305
91, 306
91, 307
91, 308
91, 309
91, 310
219, 301
219, 302
219, 303
219, 304
219, 305
219, 306
219, 307
219, 308
219, 309
219, 310
92, 301
92, 302
92, 303
92, 304
92, 305
92, 306
92, 307
92, 308
92, 309
92, 310
220, 301
220, 302
220, 303
220, 304
220, 305
220, 306
220, 307
220, 308
220, 309
220, 310
93, 301
93, 302
93, 303
93, 304
93, 305
93, 306
93, 307
93, 308
93, 309
93, 310
221, 301
221, 302
221, 303
221, 304
221, 305
221, 306
221, 307
221, 308
221, 309
221, 310
94, 301
94, 302
94, 303
94, 304
94, 305
94, 306
94, 307
94, 308
94, 309
94, 310
222, 301
222, 302
222, 303
222, 304
222, 305
222, 306
222, 307
222, 308
222, 309
222, 310
95, 301
95, 302
95, 303
95, 304
95, 305
95, 306
95, 307
95, 308
95, 309
95, 310
223, 301
223, 302
223, 303
223, 304
223, 305
223, 306
223, 307
223, 308
223, 309
223, 310
96, 301
96, 302
96, 303
96, 304
96, 305
96, 306
96, 307
96, 308
96, 309
96, 310
224, 301
224, 302
224, 303
224, 304
224, 305
224, 306
224, 307
224, 308
224, 309
224, 310
97, 301
97, 302
97, 303
97, 304
97, 305
97, 306
97, 307
97, 308
97, 309
97, 310
225, 301
225, 302
225, 303
225, 304
225, 305
225, 306
225, 307
225, 308
225, 309
225, 310
98, 301
98, 302
98, 303
98, 304
98, 305
98, 306
98, 307
98, 308
98, 309
98, 310
226, 301
226, 302
226, 303
226, 304
226, 305
226, 306
226, 307
226, 308
226, 309
226, 310
99, 301
99, 302
99, 303
99, 304
99, 305
99, 306
99, 307
99, 308
99, 309
99, 310
227, 301
227, 302
227, 303
227, 304
227, 305
227, 306
227, 307
227, 308
227, 309
227, 310
100, 301
100, 302
100, 303
100, 304
100, 305
100, 306
100, 307
100, 308
100, 309
100, 310
228, 301
228, 302
228, 303
228, 304
228, 305
228, 306
228, 307
228, 308
228, 309
228, 310
101, 301
101, 302
101, 303
101, 304
101, 305
101, 306
101, 307
101, 308
101, 309
101, 310
229, 301
229, 302
229, 303
229, 304
229, 305
229, 306
229, 307
229, 308
229, 309
229, 310
102, 301
102, 302
102, 303
102, 304
102, 305
102, 306
102, 307
102, 308
102, 309
102, 310
230, 301
230, 302
230, 303
230, 304
230, 305
230, 306
230, 307
230, 308
230, 309
230, 310
103, 301
103, 302
103, 303
103, 304
103, 305
103, 306
103, 307
103, 308
103, 309
103, 310
231, 301
231, 302
231, 303
231, 304
231, 305
231, 306
231, 307
231, 308
231, 309
231, 310
104, 301
104, 302
104, 303
104, 304
104, 305
104, 306
104, 307
104, 308
104, 309
104, 310
232, 301
232, 302
232, 303
232, 304
232, 305
232, 306
232, 307
232, 308
232, 309
232, 310
105, 301
105, 302
105, 303
105, 304
105, 305
105, 306
105, 307
105, 308
105, 309
105, 310
233, 301
233, 302
233, 303
233, 304
233, 305
233, 306
233, 307
233, 308
233, 309
233, 310
106, 301
106, 302
106, 303
106, 304
106, 305
106, 306
106, 307
106, 308
106, 309
106, 310
234, 301
234, 302
234, 303
234, 304
234, 305
234, 306
234, 307
234, 308
234, 309
234, 310
107, 301
107, 302
107, 303
107, 304
107, 305
107, 306
107, 307
107, 308
107, 309
107, 310
235, 301
235, 302
235, 303
235, 304
235, 305
235, 306
235, 307
235, 308
235, 309
235, 310
108, 301
108, 302
108, 303
108, 304
108, 305
108, 306
108, 307
108, 308
108, 309
108, 310
236, 301
236, 302
236, 303
236, 304
236, 305
236, 306
236, 307
236, 308
236, 309
236, 310
109, 301
109, 302
109, 303
109, 304
109, 305
109, 306
109, 307
109, 308
109, 309
109, 310
237, 301
237, 302
237, 303
237, 304
237, 305
237, 306
237, 307
237, 308
237, 309
237, 310
110, 301
110, 302
110, 303
110, 304
110, 305
110, 306
110, 307
110, 308
110, 309
110, 310
238, 301
238, 302
238, 303
238, 304
238, 305
238, 306
238, 307
238, 308
238, 309
238, 310
111, 301
111, 302
111, 303
111, 304
111, 305
111, 306
111, 307
111, 308
111, 309
111, 310
239, 301
239, 302
239, 303
239, 304
239, 305
239, 306
239, 307
239, 308
239, 309
239, 310
112, 301
112, 302
112, 303
112, 304
112, 305
112, 306
112, 307
112, 308
112, 309
112, 310
240, 301
240, 302
240, 303
240, 304
240, 305
240, 306
240, 307
240, 308
240, 309
240, 310
113, 301
113, 302
113, 303
113, 304
113, 305
113, 306
113, 307
113, 308
113, 309
113, 310
241, 301
241, 302
241, 303
241, 304
241, 305
241, 306
241, 307
241, 308
241, 309
241, 310
114, 301
114, 302
114, 303
114, 304
114, 305
114, 306
114, 307
114, 308
114, 309
114, 310
242, 301
242, 302
242, 303
242, 304
242, 305
242, 306
242, 307
242, 308
242, 309
242, 310
115, 301
115, 302
115, 303
115, 304
115, 305
115, 306
115, 307
115, 308
115, 309
115, 310
243, 301
243, 302
243, 303
243, 304
243, 305
243, 306
243, 307
243, 308
243, 309
243, 310
116, 301
116, 302
116, 303
116, 304
116, 305
116, 306
116, 307
116, 308
116, 309
116, 310
244, 301
244, 302
244, 303
244, 304
244, 305
244, 306
244, 307
244, 308
244, 309
244, 310
117, 301
117, 302
117, 303
117, 304
117, 305
117, 306
117, 307
117, 308
117, 309
117, 310
245, 301
245, 302
245, 303
245, 304
245, 305
245, 306
245, 307
245, 308
245, 309
245, 310
118, 301
118, 302
118, 303
118, 304
118, 305
118, 306
118, 307
118, 308
118, 309
118, 310
246, 301
246, 302
246, 303
246, 304
246, 305
246, 306
246, 307
246, 308
246, 309
246, 310
119, 301
119, 302
119, 303
119, 304
119, 305
119, 306
119, 307
119, 308
119, 309
119, 310
247, 301
247, 302
247, 303
247, 304
247, 305
247, 306
247, 307
247, 308
247, 309
247, 310
120, 301
120, 302
120, 303
120, 304
120, 305
120, 306
120, 307
120, 308
120, 309
120, 310
248, 301
248, 302
248, 303
248, 304
248, 305
248, 306
248, 307
248, 308
248, 309
248, 310
121, 301
121, 302
121, 303
121, 304
121, 305
121, 306
121, 307
121, 308
121, 309
121, 310
249, 301
249, 302
249, 303
249, 304
249, 305
249, 306
249, 307
249, 308
249, 309
249, 310
122, 301
122, 302
122, 303
122, 304
122, 305
122, 306
122, 307
122, 308
122, 309
122, 310
250, 301
250, 302
250, 303
250, 304
250, 305
250, 306
250, 307
250, 308
250, 309
250, 310
123, 301
123, 302
123, 303
123, 304
123, 305
123, 306
123, 307
123, 308
123, 309
123, 310
251, 301
251, 302
251, 303
251, 304
251, 305
251, 306
251, 307
251, 308
251, 309
251, 310
124, 301
124, 302
124, 303
124, 304
124, 305
124, 306
124, 307
124, 308
124, 309
124, 310
252, 301
252, 302
252, 303
252, 304
252, 305
252, 306
252, 307
252, 308
252, 309
252, 310
125, 301
125, 302
125, 303
125, 304
125, 305
125, 306
125, 307
125, 308
125, 309
125, 310
253, 301
253, 302
253, 303
253, 304
253, 305
253, 306
253, 307
253, 308
253, 309
253, 310
126, 301
126, 302
126, 303
126, 304
126, 305
126, 306
126, 307
126, 308
126, 309
126, 310
254, 301
254, 302
254, 303
254, 304
254, 305
254, 306
254, 307
254, 308
254, 309
254, 310
127, 301
127, 302
127, 303
127, 304
127, 305
127, 306
127, 307
127, 308
127, 309
127, 310
255, 301
255, 302
255, 303
255, 304
255, 305
255, 306
255, 307
255, 308
255, 309
255, 310
