Query: query1
128, 258
128, 198
128, 138
128, 268
128, 208
128, 148
128, 278
128, 218
128, 158
128, 288
128, 228
128, 168
128, 298
128, 238
128, 178
128, 248
128, 188
256, 296
256, 286
256, 276
256, 266
1, 131
1, 261
1, 71
1, 201
1, 11
1, 141
1, 271
1, 81
1, 211
1, 21
1, 151
1, 281
1, 91
1, 221
1, 31
1, 161
1, 291
1, 101
1, 231
1, 41
1, 171
1, 111
1, 241
1, 51
1, 181
1, 121
1, 251
1, 61
1, 191
129, 259
129, 199
129, 139
129, 269
129, 209
129, 149
129, 279
129, 219
129, 159
129, 289
129, 229
129, 169
129, 299
129, 239
129, 179
129, 249
129, 189
257, 297
257, 287
257, 277
257, 267
258, 298
258, 288
258, 278
258, 268
2, 192
2, 132
2, 262
2, 72
2, 202
2, 12
2, 142
2, 272
2, 82
2, 212
2, 22
2, 152
2, 282
2, 92
2, 222
2, 32
2, 162
2, 292
2, 102
2, 232
2, 42
2, 172
2, 112
2, 242
2, 52
2, 182
2, 122
2, 252
2, 62
130, 260
130, 200
130, 140
130, 270
130, 210
130, 150
130, 280
130, 220
130, 160
130, 290
130, 230
130, 170
130, 300
130, 240
130, 180
130, 250
130, 190
259, 299
259, 289
259, 279
259, 269
3, 193
3, 133
3, 263
3, 73
3, 203
3, 13
3, 143
3, 273
3, 83
3, 213
3, 23
3, 153
3, 283
3, 93
3, 223
3, 33
3, 163
3, 293
3, 103
3, 233
3, 43
3, 173
3, 113
3, 243
3, 53
3, 183
3, 123
3, 253
3, 63
131, 261
131, 201
131, 141
131, 271
131, 211
131, 151
131, 281
131, 221
131, 161
131, 291
131, 231
131, 171
131, 241
131, 181
131, 251
131, 191
260, 300
260, 290
260, 280
260, 270
4, 64
4, 194
4, 134
4, 264
4, 74
4, 204
4, 14
4, 144
4, 274
4, 84
4, 214
4, 24
4, 154
4, 284
4, 94
4, 224
4, 34
4, 164
4, 294
4, 104
4, 234
4, 44
4, 174
4, 114
4, 244
4, 54
4, 184
4, 124
4, 254
132, 192
132, 262
132, 202
132, 142
132, 272
132, 212
132, 152
132, 282
132, 222
132, 162
132, 292
132, 232
132, 172
132, 242
132, 182
132, 252
261, 291
261, 281
261, 271
5, 65
5, 195
5, 135
5, 265
5, 75
5, 205
5, 15
5, 145
5, 275
5, 85
5, 215
5, 25
5, 155
5, 285
5, 95
5, 225
5, 35
5, 165
5, 295
5, 105
5, 235
5, 45
5, 175
5, 115
5, 245
5, 55
5, 185
5, 125
5, 255
133, 193
133, 263
133, 203
133, 143
133, 273
133, 213
133, 153
133, 283
133, 223
133, 163
133, 293
133, 233
133, 173
133, 243
133, 183
133, 253
262, 292
262, 282
262, 272
6, 256
6, 66
6, 196
6, 136
6, 266
6, 76
6, 206
6, 16
6, 146
6, 276
6, 86
6, 216
6, 26
6, 156
6, 286
6, 96
6, 226
6, 36
6, 166
6, 296
6, 106
6, 236
6, 46
6, 176
6, 116
6, 246
6, 56
6, 186
6, 126
134, 194
134, 264
134, 204
134, 144
134, 274
134, 214
134, 154
134, 284
134, 224
134, 164
134, 294
134, 234
134, 174
134, 244
134, 184
134, 254
263, 293
263, 283
263, 273
7, 257
7, 67
7, 197
7, 137
7, 267
7, 77
7, 207
7, 17
7, 147
7, 277
7, 87
7, 217
7, 27
7, 157
7, 287
7, 97
7, 227
7, 37
7, 167
7, 297
7, 107
7, 237
7, 47
7, 177
7, 117
7, 247
7, 57
7, 187
7, 127
135, 195
135, 265
135, 205
135, 145
135, 275
135, 215
135, 155
135, 285
135, 225
135, 165
135, 295
135, 235
135, 175
135, 245
135, 185
135, 255
264, 294
264, 284
264, 274
8, 128
8, 258
8, 68
8, 198
8, 138
8, 268
8, 78
8, 208
8, 18
8, 148
8, 278
8, 88
8, 218
8, 28
8, 158
8, 288
8, 98
8, 228
8, 38
8, 168
8, 298
8, 108
8, 238
8, 48
8, 178
8, 118
8, 248
8, 58
8, 188
136, 256
136, 196
136, 266
136, 206
136, 146
136, 276
136, 216
136, 156
136, 286
136, 226
136, 166
136, 296
136, 236
136, 176
136, 246
136, 186
265, 295
265, 285
265, 275
9, 129
9, 259
9, 69
9, 199
9, 139
9, 269
9, 79
9, 209
9, 19
9, 149
9, 279
9, 89
9, 219
9, 29
9, 159
9, 289
9, 99
9, 229
9, 39
9, 169
9, 299
9, 109
9, 239
9, 49
9, 179
9, 119
9, 249
9, 59
9, 189
137, 257
137, 197
137, 267
137, 207
137, 147
137, 277
137, 217
137, 157
137, 287
137, 227
137, 167
137, 297
137, 237
137, 177
137, 247
137, 187
266, 296
266, 286
266, 276
10, 130
10, 260
10, 70
10, 200
10, 140
10, 270
10, 80
10, 210
10, 20
10, 150
10, 280
10, 90
10, 220
10, 30
10, 160
10, 290
10, 100
10, 230
10, 40
10, 170
10, 300
10, 110
10, 240
10, 50
10, 180
10, 120
10, 250
10, 60
10, 190
138, 258
138, 198
138, 268
138, 208
138, 148
138, 278
138, 218
138, 158
138, 288
138, 228
138, 168
138, 298
138, 238
138, 178
138, 248
138, 188
267, 297
267, 287
267, 277
11, 131
11, 261
11, 71
11, 201
11, 141
11, 271
11, 81
11, 211
11, 21
11, 151
11, 281
11, 91
11, 221
11, 31
11, 161
11, 291
11, 101
11, 231
11, 41
11, 171
11, 111
11, 241
11, 51
11, 181
11, 121
11, 251
11, 61
11, 191
139, 259
139, 199
139, 269
139, 209
139, 149
139, 279
139, 219
139, 159
139, 289
139, 229
139, 169
139, 299
139, 239
139, 179
139, 249
139, 189
268, 298
268, 288
268, 278
12, 192
12, 132
12, 262
12, 72
12, 202
12, 142
12, 272
12, 82
12, 212
12, 22
12, 152
12, 282
12, 92
12, 222
12, 32
12, 162
12, 292
12, 102
12, 232
12, 42
12, 172
12, 112
12, 242
12, 52
12, 182
12, 122
12, 252
12, 62
140, 260
140, 200
140, 270
140, 210
140, 150
140, 280
140, 220
140, 160
140, 290
140, 230
140, 170
140, 300
140, 240
140, 180
140, 250
140, 190
269, 299
269, 289
269, 279
13, 193
13, 133
13, 263
13, 73
13, 203
13, 143
13, 273
13, 83
13, 213
13, 23
13, 153
13, 283
13, 93
13, 223
13, 33
13, 163
13, 293
13, 103
13, 233
13, 43
13, 173
13, 113
13, 243
13, 53
13, 183
13, 123
13, 253
13, 63
141, 261
141, 201
141, 271
141, 211
141, 151
141, 281
141, 221
141, 161
141, 291
141, 231
141, 171
141, 241
141, 181
141, 251
141, 191
270, 300
270, 290
270, 280
14, 64
14, 194
14, 134
14, 264
14, 74
14, 204
14, 144
14, 274
14, 84
14, 214
14, 24
14, 154
14, 284
14, 94
14, 224
14, 34
14, 164
14, 294
14, 104
14, 234
14, 44
14, 174
14, 114
14, 244
14, 54
14, 184
14, 124
14, 254
142, 192
142, 262
142, 202
142, 272
142, 212
142, 152
142, 282
142, 222
142, 162
142, 292
142, 232
142, 172
142, 242
142, 182
142, 252
271, 291
271, 281
15, 65
15, 195
15, 135
15, 265
15, 75
15, 205
15, 145
15, 275
15, 85
15, 215
15, 25
15, 155
15, 285
15, 95
15, 225
15, 35
15, 165
15, 295
15, 105
15, 235
15, 45
15, 175
15, 115
15, 245
15, 55
15, 185
15, 125
15, 255
143, 193
143, 263
143, 203
143, 273
143, 213
143, 153
143, 283
143, 223
143, 163
143, 293
143, 233
143, 173
143, 243
143, 183
143, 253
272, 292
272, 282
16, 256
16, 66
16, 196
16, 136
16, 266
16, 76
16, 206
16, 146
16, 276
16, 86
16, 216
16, 26
16, 156
16, 286
16, 96
16, 226
16, 36
16, 166
16, 296
16, 106
16, 236
16, 46
16, 176
16, 116
16, 246
16, 56
16, 186
16, 126
144, 194
144, 264
144, 204
144, 274
144, 214
144, 154
144, 284
144, 224
144, 164
144, 294
144, 234
144, 174
144, 244
144, 184
144, 254
273, 293
273, 283
17, 257
17, 67
17, 197
17, 137
17, 267
17, 77
17, 207
17, 147
17, 277
17, 87
17, 217
17, 27
17, 157
17, 287
17, 97
17, 227
17, 37
17, 167
17, 297
17, 107
17, 237
17, 47
17, 177
17, 117
17, 247
17, 57
17, 187
17, 127
145, 195
145, 265
145, 205
145, 275
145, 215
145, 155
145, 285
145, 225
145, 165
145, 295
145, 235
145, 175
145, 245
145, 185
145, 255
274, 294
274, 284
18, 128
18, 258
18, 68
18, 198
18, 138
18, 268
18, 78
18, 208
18, 148
18, 278
18, 88
18, 218
18, 28
18, 158
18, 288
18, 98
18, 228
18, 38
18, 168
18, 298
18, 108
18, 238
18, 48
18, 178
18, 118
18, 248
18, 58
18, 188
146, 256
146, 196
146, 266
146, 206
146, 276
146, 216
146, 156
146, 286
146, 226
146, 166
146, 296
146, 236
146, 176
146, 246
146, 186
275, 295
275, 285
19, 129
19, 259
19, 69
19, 199
19, 139
19, 269
19, 79
19, 209
19, 149
19, 279
19, 89
19, 219
19, 29
19, 159
19, 289
19, 99
19, 229
19, 39
19, 169
19, 299
19, 109
19, 239
19, 49
19, 179
19, 119
19, 249
19, 59
19, 189
147, 257
147, 197
147, 267
147, 207
147, 277
147, 217
147, 157
147, 287
147, 227
147, 167
147, 297
147, 237
147, 177
147, 247
147, 187
276, 296
276, 286
20, 130
20, 260
20, 70
20, 200
20, 140
20, 270
20, 80
20, 210
20, 150
20, 280
20, 90
20, 220
20, 30
20, 160
20, 290
20, 100
20, 230
20, 40
20, 170
20, 300
20, 110
20, 240
20, 50
20, 180
20, 120
20, 250
20, 60
20, 190
148, 258
148, 198
148, 268
148, 208
148, 278
148, 218
148, 158
148, 288
148, 228
148, 168
148, 298
148, 238
148, 178
148, 248
148, 188
277, 297
277, 287
21, 131
21, 261
21, 71
21, 201
21, 141
21, 271
21, 81
21, 211
21, 151
21, 281
21, 91
21, 221
21, 31
21, 161
21, 291
21, 101
21, 231
21, 41
21, 171
21, 111
21, 241
21, 51
21, 181
21, 121
21, 251
21, 61
21, 191
149, 259
149, 199
149, 269
149, 209
149, 279
149, 219
149, 159
149, 289
149, 229
149, 169
149, 299
149, 239
149, 179
149, 249
149, 189
278, 298
278, 288
22, 192
22, 132
22, 262
22, 72
22, 202
22, 142
22, 272
22, 82
22, 212
22, 152
22, 282
22, 92
22, 222
22, 32
22, 162
22, 292
22, 102
22, 232
22, 42
22, 172
22, 112
22, 242
22, 52
22, 182
22, 122
22, 252
22, 62
150, 260
150, 200
150, 270
150, 210
150, 280
150, 220
150, 160
150, 290
150, 230
150, 170
150, 300
150, 240
150, 180
150, 250
150, 190
279, 299
279, 289
23, 193
23, 133
23, 263
23, 73
23, 203
23, 143
23, 273
23, 83
23, 213
23, 153
23, 283
23, 93
23, 223
23, 33
23, 163
23, 293
23, 103
23, 233
23, 43
23, 173
23, 113
23, 243
23, 53
23, 183
23, 123
23, 253
23, 63
151, 261
151, 201
151, 271
151, 211
151, 281
151, 221
151, 161
151, 291
151, 231
151, 171
151, 241
151, 181
151, 251
151, 191
280, 300
280, 290
24, 64
24, 194
24, 134
24, 264
24, 74
24, 204
24, 144
24, 274
24, 84
24, 214
24, 154
24, 284
24, 94
24, 224
24, 34
24, 164
24, 294
24, 104
24, 234
24, 44
24, 174
24, 114
24, 244
24, 54
24, 184
24, 124
24, 254
152, 192
152, 262
152, 202
152, 272
152, 212
152, 282
152, 222
152, 162
152, 292
152, 232
152, 172
152, 242
152, 182
152, 252
281, 291
25, 65
25, 195
25, 135
25, 265
25, 75
25, 205
25, 145
25, 275
25, 85
25, 215
25, 155
25, 285
25, 95
25, 225
25, 35
25, 165
25, 295
25, 105
25, 235
25, 45
25, 175
25, 115
25, 245
25, 55
25, 185
25, 125
25, 255
153, 193
153, 263
153, 203
153, 273
153, 213
153, 283
153, 223
153, 163
153, 293
153, 233
153, 173
153, 243
153, 183
153, 253
282, 292
26, 256
26, 66
26, 196
26, 136
26, 266
26, 76
26, 206
26, 146
26, 276
26, 86
26, 216
26, 156
26, 286
26, 96
26, 226
26, 36
26, 166
26, 296
26, 106
26, 236
26, 46
26, 176
26, 116
26, 246
26, 56
26, 186
26, 126
154, 194
154, 264
154, 204
154, 274
154, 214
154, 284
154, 224
154, 164
154, 294
154, 234
154, 174
154, 244
154, 184
154, 254
283, 293
27, 257
27, 67
27, 197
27, 137
27, 267
27, 77
27, 207
27, 147
27, 277
27, 87
27, 217
27, 157
27, 287
27, 97
27, 227
27, 37
27, 167
27, 297
27, 107
27, 237
27, 47
27, 177
27, 117
27, 247
27, 57
27, 187
27, 127
155, 195
155, 265
155, 205
155, 275
155, 215
155, 285
155, 225
155, 165
155, 295
155, 235
155, 175
155, 245
155, 185
155, 255
284, 294
28, 128
28, 258
28, 68
28, 198
28, 138
28, 268
28, 78
28, 208
28, 148
28, 278
28, 88
28, 218
28, 158
28, 288
28, 98
28, 228
28, 38
28, 168
28, 298
28, 108
28, 238
28, 48
28, 178
28, 118
28, 248
28, 58
28, 188
156, 256
156, 196
156, 266
156, 206
156, 276
156, 216
156, 286
156, 226
156, 166
156, 296
156, 236
156, 176
156, 246
156, 186
285, 295
29, 129
29, 259
29, 69
29, 199
29, 139
29, 269
29, 79
29, 209
29, 149
29, 279
29, 89
29, 219
29, 159
29, 289
29, 99
29, 229
29, 39
29, 169
29, 299
29, 109
29, 239
29, 49
29, 179
29, 119
29, 249
29, 59
29, 189
157, 257
157, 197
157, 267
157, 207
157, 277
157, 217
157, 287
157, 227
157, 167
157, 297
157, 237
157, 177
157, 247
157, 187
286, 296
30, 130
30, 260
30, 70
30, 200
30, 140
30, 270
30, 80
30, 210
30, 150
30, 280
30, 90
30, 220
30, 160
30, 290
30, 100
30, 230
30, 40
30, 170
30, 300
30, 110
30, 240
30, 50
30, 180
30, 120
30, 250
30, 60
30, 190
158, 258
158, 198
158, 268
158, 208
158, 278
158, 218
158, 288
158, 228
158, 168
158, 298
158, 238
158, 178
158, 248
158, 188
287, 297
31, 131
31, 261
31, 71
31, 201
31, 141
31, 271
31, 81
31, 211
31, 151
31, 281
31, 91
31, 221
31, 161
31, 291
31, 101
31, 231
31, 41
31, 171
31, 111
31, 241
31, 51
31, 181
31, 121
31, 251
31, 61
31, 191
159, 259
159, 199
159, 269
159, 209
159, 279
159, 219
159, 289
159, 229
159, 169
159, 299
159, 239
159, 179
159, 249
159, 189
288, 298
32, 192
32, 132
32, 262
32, 72
32, 202
32, 142
32, 272
32, 82
32, 212
32, 152
32, 282
32, 92
32, 222
32, 162
32, 292
32, 102
32, 232
32, 42
32, 172
32, 112
32, 242
32, 52
32, 182
32, 122
32, 252
32, 62
160, 260
160, 200
160, 270
160, 210
160, 280
160, 220
160, 290
160, 230
160, 170
160, 300
160, 240
160, 180
160, 250
160, 190
289, 299
33, 193
33, 133
33, 263
33, 73
33, 203
33, 143
33, 273
33, 83
33, 213
33, 153
33, 283
33, 93
33, 223
33, 163
33, 293
33, 103
33, 233
33, 43
33, 173
33, 113
33, 243
33, 53
33, 183
33, 123
33, 253
33, 63
161, 261
161, 201
161, 271
161, 211
161, 281
161, 221
161, 291
161, 231
161, 171
161, 241
161, 181
161, 251
161, 191
290, 300
34, 64
34, 194
34, 134
34, 264
34, 74
34, 204
34, 144
34, 274
34, 84
34, 214
34, 154
34, 284
34, 94
34, 224
34, 164
34, 294
34, 104
34, 234
34, 44
34, 174
34, 114
34, 244
34, 54
34, 184
34, 124
34, 254
162, 192
162, 262
162, 202
162, 272
162, 212
162, 282
162, 222
162, 292
162, 232
162, 172
162, 242
162, 182
162, 252
35, 65
35, 195
35, 135
35, 265
35, 75
35, 205
35, 145
35, 275
35, 85
35, 215
35, 155
35, 285
35, 95
35, 225
35, 165
35, 295
35, 105
35, 235
35, 45
35, 175
35, 115
35, 245
35, 55
35, 185
35, 125
35, 255
163, 193
163, 263
163, 203
163, 273
163, 213
163, 283
163, 223
163, 293
163, 233
163, 173
163, 243
163, 183
163, 253
36, 256
36, 66
36, 196
36, 136
36, 266
36, 76
36, 206
36, 146
36, 276
36, 86
36, 216
36, 156
36, 286
36, 96
36, 226
36, 166
36, 296
36, 106
36, 236
36, 46
36, 176
36, 116
36, 246
36, 56
36, 186
36, 126
164, 194
164, 264
164, 204
164, 274
164, 214
164, 284
164, 224
164, 294
164, 234
164, 174
164, 244
164, 184
164, 254
37, 257
37, 67
37, 197
37, 137
37, 267
37, 77
37, 207
37, 147
37, 277
37, 87
37, 217
37, 157
37, 287
37, 97
37, 227
37, 167
37, 297
37, 107
37, 237
37, 47
37, 177
37, 117
37, 247
37, 57
37, 187
37, 127
165, 195
165, 265
165, 205
165, 275
165, 215
165, 285
165, 225
165, 295
165, 235
165, 175
165, 245
165, 185
165, 255
38, 128
38, 258
38, 68
38, 198
38, 138
38, 268
38, 78
38, 208
38, 148
38, 278
38, 88
38, 218
38, 158
38, 288
38, 98
38, 228
38, 168
38, 298
38, 108
38, 238
38, 48
38, 178
38, 118
38, 248
38, 58
38, 188
166, 256
166, 196
166, 266
166, 206
166, 276
166, 216
166, 286
166, 226
166, 296
166, 236
166, 176
166, 246
166, 186
39, 129
39, 259
39, 69
39, 199
39, 139
39, 269
39, 79
39, 209
39, 149
39, 279
39, 89
39, 219
39, 159
39, 289
39, 99
39, 229
39, 169
39, 299
39, 109
39, 239
39, 49
39, 179
39, 119
39, 249
39, 59
39, 189
167, 257
167, 197
167, 267
167, 207
167, 277
167, 217
167, 287
167, 227
167, 297
167, 237
167, 177
167, 247
167, 187
40, 130
40, 260
40, 70
40, 200
40, 140
40, 270
40, 80
40, 210
40, 150
40, 280
40, 90
40, 220
40, 160
40, 290
40, 100
40, 230
40, 170
40, 300
40, 110
40, 240
40, 50
40, 180
40, 120
40, 250
40, 60
40, 190
168, 258
168, 198
168, 268
168, 208
168, 278
168, 218
168, 288
168, 228
168, 298
168, 238
168, 178
168, 248
168, 188
41, 131
41, 261
41, 71
41, 201
41, 141
41, 271
41, 81
41, 211
41, 151
41, 281
41, 91
41, 221
41, 161
41, 291
41, 101
41, 231
41, 171
41, 111
41, 241
41, 51
41, 181
41, 121
41, 251
41, 61
41, 191
169, 259
169, 199
169, 269
169, 209
169, 279
169, 219
169, 289
169, 229
169, 299
169, 239
169, 179
169, 249
169, 189
42, 192
42, 132
42, 262
42, 72
42, 202
42, 142
42, 272
42, 82
42, 212
42, 152
42, 282
42, 92
42, 222
42, 162
42, 292
42, 102
42, 232
42, 172
42, 112
42, 242
42, 52
42, 182
42, 122
42, 252
42, 62
170, 260
170, 200
170, 270
170, 210
170, 280
170, 220
170, 290
170, 230
170, 300
170, 240
170, 180
170, 250
170, 190
43, 193
43, 133
43, 263
43, 73
43, 203
43, 143
43, 273
43, 83
43, 213
43, 153
43, 283
43, 93
43, 223
43, 163
43, 293
43, 103
43, 233
43, 173
43, 113
43, 243
43, 53
43, 183
43, 123
43, 253
43, 63
171, 261
171, 201
171, 271
171, 211
171, 281
171, 221
171, 291
171, 231
171, 241
171, 181
171, 251
171, 191
44, 64
44, 194
44, 134
44, 264
44, 74
44, 204
44, 144
44, 274
44, 84
44, 214
44, 154
44, 284
44, 94
44, 224
44, 164
44, 294
44, 104
44, 234
44, 174
44, 114
44, 244
44, 54
44, 184
44, 124
44, 254
172, 192
172, 262
172, 202
172, 272
172, 212
172, 282
172, 222
172, 292
172, 232
172, 242
172, 182
172, 252
45, 65
45, 195
45, 135
45, 265
45, 75
45, 205
45, 145
45, 275
45, 85
45, 215
45, 155
45, 285
45, 95
45, 225
45, 165
45, 295
45, 105
45, 235
45, 175
45, 115
45, 245
45, 55
45, 185
45, 125
45, 255
173, 193
173, 263
173, 203
173, 273
173, 213
173, 283
173, 223
173, 293
173, 233
173, 243
173, 183
173, 253
46, 256
46, 66
46, 196
46, 136
46, 266
46, 76
46, 206
46, 146
46, 276
46, 86
46, 216
46, 156
46, 286
46, 96
46, 226
46, 166
46, 296
46, 106
46, 236
46, 176
46, 116
46, 246
46, 56
46, 186
46, 126
174, 194
174, 264
174, 204
174, 274
174, 214
174, 284
174, 224
174, 294
174, 234
174, 244
174, 184
174, 254
47, 257
47, 67
47, 197
47, 137
47, 267
47, 77
47, 207
47, 147
47, 277
47, 87
47, 217
47, 157
47, 287
47, 97
47, 227
47, 167
47, 297
47, 107
47, 237
47, 177
47, 117
47, 247
47, 57
47, 187
47, 127
175, 195
175, 265
175, 205
175, 275
175, 215
175, 285
175, 225
175, 295
175, 235
175, 245
175, 185
175, 255
48, 128
48, 258
48, 68
48, 198
48, 138
48, 268
48, 78
48, 208
48, 148
48, 278
48, 88
48, 218
48, 158
48, 288
48, 98
48, 228
48, 168
48, 298
48, 108
48, 238
48, 178
48, 118
48, 248
48, 58
48, 188
176, 256
176, 196
176, 266
176, 206
176, 276
176, 216
176, 286
176, 226
176, 296
176, 236
176, 246
176, 186
49, 129
49, 259
49, 69
49, 199
49, 139
49, 269
49, 79
49, 209
49, 149
49, 279
49, 89
49, 219
49, 159
49, 289
49, 99
49, 229
49, 169
49, 299
49, 109
49, 239
49, 179
49, 119
49, 249
49, 59
49, 189
177, 257
177, 197
177, 267
177, 207
177, 277
177, 217
177, 287
177, 227
177, 297
177, 237
177, 247
177, 187
50, 130
50, 260
50, 70
50, 200
50, 140
50, 270
50, 80
50, 210
50, 150
50, 280
50, 90
50, 220
50, 160
50, 290
50, 100
50, 230
50, 170
50, 300
50, 110
50, 240
50, 180
50, 120
50, 250
50, 60
50, 190
178, 258
178, 198
178, 268
178, 208
178, 278
178, 218
178, 288
178, 228
178, 298
178, 238
178, 248
178, 188
51, 131
51, 261
51, 71
51, 201
51, 141
51, 271
51, 81
51, 211
51, 151
51, 281
51, 91
51, 221
51, 161
51, 291
51, 101
51, 231
51, 171
51, 111
51, 241
51, 181
51, 121
51, 251
51, 61
51, 191
179, 259
179, 199
179, 269
179, 209
179, 279
179, 219
179, 289
179, 229
179, 299
179, 239
179, 249
179, 189
52, 192
52, 132
52, 262
52, 72
52, 202
52, 142
52, 272
52, 82
52, 212
52, 152
52, 282
52, 92
52, 222
52, 162
52, 292
52, 102
52, 232
52, 172
52, 112
52, 242
52, 182
52, 122
52, 252
52, 62
180, 260
180, 200
180, 270
180, 210
180, 280
180, 220
180, 290
180, 230
180, 300
180, 240
180, 250
180, 190
53, 193
53, 133
53, 263
53, 73
53, 203
53, 143
53, 273
53, 83
53, 213
53, 153
53, 283
53, 93
53, 223
53, 163
53, 293
53, 103
53, 233
53, 173
53, 113
53, 243
53, 183
53, 123
53, 253
53, 63
181, 261
181, 201
181, 271
181, 211
181, 281
181, 221
181, 291
181, 231
181, 241
181, 251
181, 191
54, 64
54, 194
54, 134
54, 264
54, 74
54, 204
54, 144
54, 274
54, 84
54, 214
54, 154
54, 284
54, 94
54, 224
54, 164
54, 294
54, 104
54, 234
54, 174
54, 114
54, 244
54, 184
54, 124
54, 254
182, 192
182, 262
182, 202
182, 272
182, 212
182, 282
182, 222
182, 292
182, 232
182, 242
182, 252
55, 65
55, 195
55, 135
55, 265
55, 75
55, 205
55, 145
55, 275
55, 85
55, 215
55, 155
55, 285
55, 95
55, 225
55, 165
55, 295
55, 105
55, 235
55, 175
55, 115
55, 245
55, 185
55, 125
55, 255
183, 193
183, 263
183, 203
183, 273
183, 213
183, 283
183, 223
183, 293
183, 233
183, 243
183, 253
56, 256
56, 66
56, 196
56, 136
56, 266
56, 76
56, 206
56, 146
56, 276
56, 86
56, 216
56, 156
56, 286
56, 96
56, 226
56, 166
56, 296
56, 106
56, 236
56, 176
56, 116
56, 246
56, 186
56, 126
184, 194
184, 264
184, 204
184, 274
184, 214
184, 284
184, 224
184, 294
184, 234
184, 244
184, 254
57, 257
57, 67
57, 197
57, 137
57, 267
57, 77
57, 207
57, 147
57, 277
57, 87
57, 217
57, 157
57, 287
57, 97
57, 227
57, 167
57, 297
57, 107
57, 237
57, 177
57, 117
57, 247
57, 187
57, 127
185, 195
185, 265
185, 205
185, 275
185, 215
185, 285
185, 225
185, 295
185, 235
185, 245
185, 255
58, 128
58, 258
58, 68
58, 198
58, 138
58, 268
58, 78
58, 208
58, 148
58, 278
58, 88
58, 218
58, 158
58, 288
58, 98
58, 228
58, 168
58, 298
58, 108
58, 238
58, 178
58, 118
58, 248
58, 188
186, 256
186, 196
186, 266
186, 206
186, 276
186, 216
186, 286
186, 226
186, 296
186, 236
186, 246
59, 129
59, 259
59, 69
59, 199
59, 139
59, 269
59, 79
59, 209
59, 149
59, 279
59, 89
59, 219
59, 159
59, 289
59, 99
59, 229
59, 169
59, 299
59, 109
59, 239
59, 179
59, 119
59, 249
59, 189
187, 257
187, 197
187, 267
187, 207
187, 277
187, 217
187, 287
187, 227
187, 297
187, 237
187, 247
60, 130
60, 260
60, 70
60, 200
60, 140
60, 270
60, 80
60, 210
60, 150
60, 280
60, 90
60, 220
60, 160
60, 290
60, 100
60, 230
60, 170
60, 300
60, 110
60, 240
60, 180
60, 120
60, 250
60, 190
188, 258
188, 198
188, 268
188, 208
188, 278
188, 218
188, 288
188, 228
188, 298
188, 238
188, 248
61, 131
61, 261
61, 71
61, 201
61, 141
61, 271
61, 81
61, 211
61, 151
61, 281
61, 91
61, 221
61, 161
61, 291
61, 101
61, 231
61, 171
61, 111
61, 241
61, 181
61, 121
61, 251
61, 191
189, 259
189, 199
189, 269
189, 209
189, 279
189, 219
189, 289
189, 229
189, 299
189, 239
189, 249
62, 192
62, 132
62, 262
62, 72
62, 202
62, 142
62, 272
62, 82
62, 212
62, 152
62, 282
62, 92
62, 222
62, 162
62, 292
62, 102
62, 232
62, 172
62, 112
62, 242
62, 182
62, 122
62, 252
190, 260
190, 200
190, 270
190, 210
190, 280
190, 220
190, 290
190, 230
190, 300
190, 240
190, 250
63, 193
63, 133
63, 263
63, 73
63, 203
63, 143
63, 273
63, 83
63, 213
63, 153
63, 283
63, 93
63, 223
63, 163
63, 293
63, 103
63, 233
63, 173
63, 113
63, 243
63, 183
63, 123
63, 253
191, 261
191, 201
191, 271
191, 211
191, 281
191, 221
191, 291
191, 231
191, 241
191, 251
64, 194
64, 134
64, 264
64, 74
64, 204
64, 144
64, 274
64, 84
64, 214
64, 154
64, 284
64, 94
64, 224
64, 164
64, 294
64, 104
64, 234
64, 174
64, 114
64, 244
64, 184
64, 124
64, 254
192, 262
192, 202
192, 272
192, 212
192, 282
192, 222
192, 292
192, 232
192, 242
192, 252
65, 195
65, 135
65, 265
65, 75
65, 205
65, 145
65, 275
65, 85
65, 215
65, 155
65, 285
65, 95
65, 225
65, 165
65, 295
65, 105
65, 235
65, 175
65, 115
65, 245
65, 185
65, 125
65, 255
193, 263
193, 203
193, 273
193, 213
193, 283
193, 223
193, 293
193, 233
193, 243
193, 253
66, 256
66, 196
66, 136
66, 266
66, 76
66, 206
66, 146
66, 276
66, 86
66, 216
66, 156
66, 286
66, 96
66, 226
66, 166
66, 296
66, 106
66, 236
66, 176
66, 116
66, 246
66, 186
66, 126
194, 264
194, 204
194, 274
194, 214
194, 284
194, 224
194, 294
194, 234
194, 244
194, 254
67, 257
67, 197
67, 137
67, 267
67, 77
67, 207
67, 147
67, 277
67, 87
67, 217
67, 157
67, 287
67, 97
67, 227
67, 167
67, 297
67, 107
67, 237
67, 177
67, 117
67, 247
67, 187
67, 127
195, 265
195, 205
195, 275
195, 215
195, 285
195, 225
195, 295
195, 235
195, 245
195, 255
68, 128
68, 258
68, 198
68, 138
68, 268
68, 78
68, 208
68, 148
68, 278
68, 88
68, 218
68, 158
68, 288
68, 98
68, 228
68, 168
68, 298
68, 108
68, 238
68, 178
68, 118
68, 248
68, 188
196, 256
196, 266
196, 206
196, 276
196, 216
196, 286
196, 226
196, 296
196, 236
196, 246
69, 129
69, 259
69, 199
69, 139
69, 269
69, 79
69, 209
69, 149
69, 279
69, 89
69, 219
69, 159
69, 289
69, 99
69, 229
69, 169
69, 299
69, 109
69, 239
69, 179
69, 119
69, 249
69, 189
197, 257
197, 267
197, 207
197, 277
197, 217
197, 287
197, 227
197, 297
197, 237
197, 247
70, 130
70, 260
70, 200
70, 140
70, 270
70, 80
70, 210
70, 150
70, 280
70, 90
70, 220
70, 160
70, 290
70, 100
70, 230
70, 170
70, 300
70, 110
70, 240
70, 180
70, 120
70, 250
70, 190
198, 258
198, 268
198, 208
198, 278
198, 218
198, 288
198, 228
198, 298
198, 238
198, 248
71, 131
71, 261
71, 201
71, 141
71, 271
71, 81
71, 211
71, 151
71, 281
71, 91
71, 221
71, 161
71, 291
71, 101
71, 231
71, 171
71, 111
71, 241
71, 181
71, 121
71, 251
71, 191
199, 259
199, 269
199, 209
199, 279
199, 219
199, 289
199, 229
199, 299
199, 239
199, 249
72, 192
72, 132
72, 262
72, 202
72, 142
72, 272
72, 82
72, 212
72, 152
72, 282
72, 92
72, 222
72, 162
72, 292
72, 102
72, 232
72, 172
72, 112
72, 242
72, 182
72, 122
72, 252
200, 260
200, 270
200, 210
200, 280
200, 220
200, 290
200, 230
200, 300
200, 240
200, 250
73, 193
73, 133
73, 263
73, 203
73, 143
73, 273
73, 83
73, 213
73, 153
73, 283
73, 93
73, 223
73, 163
73, 293
73, 103
73, 233
73, 173
73, 113
73, 243
73, 183
73, 123
73, 253
201, 261
201, 271
201, 211
201, 281
201, 221
201, 291
201, 231
201, 241
201, 251
74, 194
74, 134
74, 264
74, 204
74, 144
74, 274
74, 84
74, 214
74, 154
74, 284
74, 94
74, 224
74, 164
74, 294
74, 104
74, 234
74, 174
74, 114
74, 244
74, 184
74, 124
74, 254
202, 262
202, 272
202, 212
202, 282
202, 222
202, 292
202, 232
202, 242
202, 252
75, 195
75, 135
75, 265
75, 205
75, 145
75, 275
75, 85
75, 215
75, 155
75, 285
75, 95
75, 225
75, 165
75, 295
75, 105
75, 235
75, 175
75, 115
75, 245
75, 185
75, 125
75, 255
203, 263
203, 273
203, 213
203, 283
203, 223
203, 293
203, 233
203, 243
203, 253
76, 256
76, 196
76, 136
76, 266
76, 206
76, 146
76, 276
76, 86
76, 216
76, 156
76, 286
76, 96
76, 226
76, 166
76, 296
76, 106
76, 236
76, 176
76, 116
76, 246
76, 186
76, 126
204, 264
204, 274
204, 214
204, 284
204, 224
204, 294
204, 234
204, 244
204, 254
77, 257
77, 197
77, 137
77, 267
77, 207
77, 147
77, 277
77, 87
77, 217
77, 157
77, 287
77, 97
77, 227
77, 167
77, 297
77, 107
77, 237
77, 177
77, 117
77, 247
77, 187
77, 127
205, 265
205, 275
205, 215
205, 285
205, 225
205, 295
205, 235
205, 245
205, 255
78, 128
78, 258
78, 198
78, 138
78, 268
78, 208
78, 148
78, 278
78, 88
78, 218
78, 158
78, 288
78, 98
78, 228
78, 168
78, 298
78, 108
78, 238
78, 178
78, 118
78, 248
78, 188
206, 256
206, 266
206, 276
206, 216
206, 286
206, 226
206, 296
206, 236
206, 246
79, 129
79, 259
79, 199
79, 139
79, 269
79, 209
79, 149
79, 279
79, 89
79, 219
79, 159
79, 289
79, 99
79, 229
79, 169
79, 299
79, 109
79, 239
79, 179
79, 119
79, 249
79, 189
207, 257
207, 267
207, 277
207, 217
207, 287
207, 227
207, 297
207, 237
207, 247
80, 130
80, 260
80, 200
80, 140
80, 270
80, 210
80, 150
80, 280
80, 90
80, 220
80, 160
80, 290
80, 100
80, 230
80, 170
80, 300
80, 110
80, 240
80, 180
80, 120
80, 250
80, 190
208, 258
208, 268
208, 278
208, 218
208, 288
208, 228
208, 298
208, 238
208, 248
81, 131
81, 261
81, 201
81, 141
81, 271
81, 211
81, 151
81, 281
81, 91
81, 221
81, 161
81, 291
81, 101
81, 231
81, 171
81, 111
81, 241
81, 181
81, 121
81, 251
81, 191
209, 259
209, 269
209, 279
209, 219
209, 289
209, 229
209, 299
209, 239
209, 249
82, 192
82, 132
82, 262
82, 202
82, 142
82, 272
82, 212
82, 152
82, 282
82, 92
82, 222
82, 162
82, 292
82, 102
82, 232
82, 172
82, 112
82, 242
82, 182
82, 122
82, 252
210, 260
210, 270
210, 280
210, 220
210, 290
210, 230
210, 300
210, 240
210, 250
83, 193
83, 133
83, 263
83, 203
83, 143
83, 273
83, 213
83, 153
83, 283
83, 93
83, 223
83, 163
83, 293
83, 103
83, 233
83, 173
83, 113
83, 243
83, 183
83, 123
83, 253
211, 291
211, 281
211, 271
211, 261
211, 251
211, 241
211, 231
211, 221
84, 194
84, 134
84, 264
84, 204
84, 144
84, 274
84, 214
84, 154
84, 284
84, 94
84, 224
84, 164
84, 294
84, 104
84, 234
84, 174
84, 114
84, 244
84, 184
84, 124
84, 254
212, 292
212, 282
212, 272
212, 262
212, 252
212, 242
212, 232
212, 222
85, 195
85, 135
85, 265
85, 205
85, 145
85, 275
85, 215
85, 155
85, 285
85, 95
85, 225
85, 165
85, 295
85, 105
85, 235
85, 175
85, 115
85, 245
85, 185
85, 125
85, 255
213, 293
213, 283
213, 273
213, 263
213, 253
213, 243
213, 233
213, 223
86, 256
86, 196
86, 136
86, 266
86, 206
86, 146
86, 276
86, 216
86, 156
86, 286
86, 96
86, 226
86, 166
86, 296
86, 106
86, 236
86, 176
86, 116
86, 246
86, 186
86, 126
214, 294
214, 284
214, 274
214, 264
214, 254
214, 244
214, 234
214, 224
87, 257
87, 197
87, 137
87, 267
87, 207
87, 147
87, 277
87, 217
87, 157
87, 287
87, 97
87, 227
87, 167
87, 297
87, 107
87, 237
87, 177
87, 117
87, 247
87, 187
87, 127
215, 295
215, 285
215, 275
215, 265
215, 255
215, 245
215, 235
215, 225
88, 128
88, 258
88, 198
88, 138
88, 268
88, 208
88, 148
88, 278
88, 218
88, 158
88, 288
88, 98
88, 228
88, 168
88, 298
88, 108
88, 238
88, 178
88, 118
88, 248
88, 188
216, 296
216, 286
216, 276
216, 266
216, 256
216, 246
216, 236
216, 226
89, 129
89, 259
89, 199
89, 139
89, 269
89, 209
89, 149
89, 279
89, 219
89, 159
89, 289
89, 99
89, 229
89, 169
89, 299
89, 109
89, 239
89, 179
89, 119
89, 249
89, 189
217, 297
217, 287
217, 277
217, 267
217, 257
217, 247
217, 237
217, 227
90, 130
90, 260
90, 200
90, 140
90, 270
90, 210
90, 150
90, 280
90, 220
90, 160
90, 290
90, 100
90, 230
90, 170
90, 300
90, 110
90, 240
90, 180
90, 120
90, 250
90, 190
218, 298
218, 288
218, 278
218, 268
218, 258
218, 248
218, 238
218, 228
91, 131
91, 261
91, 201
91, 141
91, 271
91, 211
91, 151
91, 281
91, 221
91, 161
91, 291
91, 101
91, 231
91, 171
91, 111
91, 241
91, 181
91, 121
91, 251
91, 191
219, 299
219, 289
219, 279
219, 269
219, 259
219, 249
219, 239
219, 229
92, 192
92, 132
92, 262
92, 202
92, 142
92, 272
92, 212
92, 152
92, 282
92, 222
92, 162
92, 292
92, 102
92, 232
92, 172
92, 112
92, 242
92, 182
92, 122
92, 252
220, 300
220, 290
220, 280
220, 270
220, 260
220, 250
220, 240
220, 230
93, 193
93, 133
93, 263
93, 203
93, 143
93, 273
93, 213
93, 153
93, 283
93, 223
93, 163
93, 293
93, 103
93, 233
93, 173
93, 113
93, 243
93, 183
93, 123
93, 253
221, 291
221, 281
221, 271
221, 261
221, 251
221, 241
221, 231
94, 194
94, 134
94, 264
94, 204
94, 144
94, 274
94, 214
94, 154
94, 284
94, 224
94, 164
94, 294
94, 104
94, 234
94, 174
94, 114
94, 244
94, 184
94, 124
94, 254
222, 292
222, 282
222, 272
222, 262
222, 252
222, 242
222, 232
95, 195
95, 135
95, 265
95, 205
95, 145
95, 275
95, 215
95, 155
95, 285
95, 225
95, 165
95, 295
95, 105
95, 235
95, 175
95, 115
95, 245
95, 185
95, 125
95, 255
223, 293
223, 283
223, 273
223, 263
223, 253
223, 243
223, 233
96, 256
96, 196
96, 136
96, 266
96, 206
96, 146
96, 276
96, 216
96, 156
96, 286
96, 226
96, 166
96, 296
96, 106
96, 236
96, 176
96, 116
96, 246
96, 186
96, 126
224, 294
224, 284
224, 274
224, 264
224, 254
224, 244
224, 234
97, 257
97, 197
97, 137
97, 267
97, 207
97, 147
97, 277
97, 217
97, 157
97, 287
97, 227
97, 167
97, 297
97, 107
97, 237
97, 177
97, 117
97, 247
97, 187
97, 127
225, 295
225, 285
225, 275
225, 265
225, 255
225, 245
225, 235
98, 128
98, 258
98, 198
98, 138
98, 268
98, 208
98, 148
98, 278
98, 218
98, 158
98, 288
98, 228
98, 168
98, 298
98, 108
98, 238
98, 178
98, 118
98, 248
98, 188
226, 296
226, 286
226, 276
226, 266
226, 256
226, 246
226, 236
99, 129
99, 259
99, 199
99, 139
99, 269
99, 209
99, 149
99, 279
99, 219
99, 159
99, 289
99, 229
99, 169
99, 299
99, 109
99, 239
99, 179
99, 119
99, 249
99, 189
227, 297
227, 287
227, 277
227, 267
227, 257
227, 247
227, 237
100, 130
100, 260
100, 200
100, 140
100, 270
100, 210
100, 150
100, 280
100, 220
100, 160
100, 290
100, 230
100, 170
100, 300
100, 110
100, 240
100, 180
100, 120
100, 250
100, 190
228, 298
228, 288
228, 278
228, 268
228, 258
228, 248
228, 238
101, 131
101, 261
101, 201
101, 141
101, 271
101, 211
101, 151
101, 281
101, 221
101, 161
101, 291
101, 231
101, 171
101, 111
101, 241
101, 181
101, 121
101, 251
101, 191
229, 299
229, 289
229, 279
229, 269
229, 259
229, 249
229, 239
102, 192
102, 132
102, 262
102, 202
102, 142
102, 272
102, 212
102, 152
102, 282
102, 222
102, 162
102, 292
102, 232
102, 172
102, 112
102, 242
102, 182
102, 122
102, 252
230, 300
230, 290
230, 280
230, 270
230, 260
230, 250
230, 240
103, 193
103, 133
103, 263
103, 203
103, 143
103, 273
103, 213
103, 153
103, 283
103, 223
103, 163
103, 293
103, 233
103, 173
103, 113
103, 243
103, 183
103, 123
103, 253
231, 291
231, 281
231, 271
231, 261
231, 251
231, 241
104, 194
104, 134
104, 264
104, 204
104, 144
104, 274
104, 214
104, 154
104, 284
104, 224
104, 164
104, 294
104, 234
104, 174
104, 114
104, 244
104, 184
104, 124
104, 254
232, 292
232, 282
232, 272
232, 262
232, 252
232, 242
105, 195
105, 135
105, 265
105, 205
105, 145
105, 275
105, 215
105, 155
105, 285
105, 225
105, 165
105, 295
105, 235
105, 175
105, 115
105, 245
105, 185
105, 125
105, 255
233, 293
233, 283
233, 273
233, 263
233, 253
233, 243
106, 256
106, 196
106, 136
106, 266
106, 206
106, 146
106, 276
106, 216
106, 156
106, 286
106, 226
106, 166
106, 296
106, 236
106, 176
106, 116
106, 246
106, 186
106, 126
234, 294
234, 284
234, 274
234, 264
234, 254
234, 244
107, 257
107, 197
107, 137
107, 267
107, 207
107, 147
107, 277
107, 217
107, 157
107, 287
107, 227
107, 167
107, 297
107, 237
107, 177
107, 117
107, 247
107, 187
107, 127
235, 295
235, 285
235, 275
235, 265
235, 255
235, 245
108, 128
108, 258
108, 198
108, 138
108, 268
108, 208
108, 148
108, 278
108, 218
108, 158
108, 288
108, 228
108, 168
108, 298
108, 238
108, 178
108, 118
108, 248
108, 188
236, 296
236, 286
236, 276
236, 266
236, 256
236, 246
109, 129
109, 259
109, 199
109, 139
109, 269
109, 209
109, 149
109, 279
109, 219
109, 159
109, 289
109, 229
109, 169
109, 299
109, 239
109, 179
109, 119
109, 249
109, 189
237, 297
237, 287
237, 277
237, 267
237, 257
237, 247
110, 130
110, 260
110, 200
110, 140
110, 270
110, 210
110, 150
110, 280
110, 220
110, 160
110, 290
110, 230
110, 170
110, 300
110, 240
110, 180
110, 120
110, 250
110, 190
238, 298
238, 288
238, 278
238, 268
238, 258
238, 248
111, 131
111, 261
111, 201
111, 141
111, 271
111, 211
111, 151
111, 281
111, 221
111, 161
111, 291
111, 231
111, 171
111, 241
111, 181
111, 121
111, 251
111, 191
239, 299
239, 289
239, 279
239, 269
239, 259
239, 249
112, 192
112, 132
112, 262
112, 202
112, 142
112, 272
112, 212
112, 152
112, 282
112, 222
112, 162
112, 292
112, 232
112, 172
112, 242
112, 182
112, 122
112, 252
240, 300
240, 290
240, 280
240, 270
240, 260
240, 250
113, 193
113, 133
113, 263
113, 203
113, 143
113, 273
113, 213
113, 153
113, 283
113, 223
113, 163
113, 293
113, 233
113, 173
113, 243
113, 183
113, 123
113, 253
241, 291
241, 281
241, 271
241, 261
241, 251
114, 194
114, 134
114, 264
114, 204
114, 144
114, 274
114, 214
114, 154
114, 284
114, 224
114, 164
114, 294
114, 234
114, 174
114, 244
114, 184
114, 124
114, 254
242, 292
242, 282
242, 272
242, 262
242, 252
115, 195
115, 135
115, 265
115, 205
115, 145
115, 275
115, 215
115, 155
115, 285
115, 225
115, 165
115, 295
115, 235
115, 175
115, 245
115, 185
115, 125
115, 255
243, 293
243, 283
243, 273
243, 263
243, 253
116, 256
116, 196
116, 136
116, 266
116, 206
116, 146
116, 276
116, 216
116, 156
116, 286
116, 226
116, 166
116, 296
116, 236
116, 176
116, 246
116, 186
116, 126
244, 294
244, 284
244, 274
244, 264
244, 254
117, 257
117, 197
117, 137
117, 267
117, 207
117, 147
117, 277
117, 217
117, 157
117, 287
117, 227
117, 167
117, 297
117, 237
117, 177
117, 247
117, 187
117, 127
245, 295
245, 285
245, 275
245, 265
245, 255
118, 128
118, 258
118, 198
118, 138
118, 268
118, 208
118, 148
118, 278
118, 218
118, 158
118, 288
118, 228
118, 168
118, 298
118, 238
118, 178
118, 248
118, 188
246, 296
246, 286
246, 276
246, 266
246, 256
119, 129
119, 259
119, 199
119, 139
119, 269
119, 209
119, 149
119, 279
119, 219
119, 159
119, 289
119, 229
119, 169
119, 299
119, 239
119, 179
119, 249
119, 189
247, 297
247, 287
247, 277
247, 267
247, 257
120, 130
120, 260
120, 200
120, 140
120, 270
120, 210
120, 150
120, 280
120, 220
120, 160
120, 290
120, 230
120, 170
120, 300
120, 240
120, 180
120, 250
120, 190
248, 298
248, 288
248, 278
248, 268
248, 258
121, 131
121, 261
121, 201
121, 141
121, 271
121, 211
121, 151
121, 281
121, 221
121, 161
121, 291
121, 231
121, 171
121, 241
121, 181
121, 251
121, 191
249, 299
249, 289
249, 279
249, 269
249, 259
122, 192
122, 132
122, 262
122, 202
122, 142
122, 272
122, 212
122, 152
122, 282
122, 222
122, 162
122, 292
122, 232
122, 172
122, 242
122, 182
122, 252
250, 300
250, 290
250, 280
250, 270
250, 260
123, 193
123, 133
123, 263
123, 203
123, 143
123, 273
123, 213
123, 153
123, 283
123, 223
123, 163
123, 293
123, 233
123, 173
123, 243
123, 183
123, 253
251, 291
251, 281
251, 271
251, 261
124, 194
124, 134
124, 264
124, 204
124, 144
124, 274
124, 214
124, 154
124, 284
124, 224
124, 164
124, 294
124, 234
124, 174
124, 244
124, 184
124, 254
252, 292
252, 282
252, 272
252, 262
125, 195
125, 135
125, 265
125, 205
125, 145
125, 275
125, 215
125, 155
125, 285
125, 225
125, 165
125, 295
125, 235
125, 175
125, 245
125, 185
125, 255
253, 293
253, 283
253, 273
253, 263
126, 256
126, 196
126, 136
126, 266
126, 206
126, 146
126, 276
126, 216
126, 156
126, 286
126, 226
126, 166
126, 296
126, 236
126, 176
126, 246
126, 186
254, 294
254, 284
254, 274
254, 264
127, 257
127, 197
127, 137
127, 267
127, 207
127, 147
127, 277
127, 217
127, 157
127, 287
127, 227
127, 167
127, 297
127, 237
127, 177
127, 247
127, 187
255, 295
255, 285
255, 275
255, 265
