Query: query1
128, 351
128, 352
128, 353
128, 354
128, 355
128, 356
128, 357
128, 358
128, 359
128, 360
256, 351
256, 352
256, 353
256, 354
256, 355
256, 356
256, 357
256, 358
256, 359
256, 360
1, 351
1, 352
1, 353
1, 354
1, 355
1, 356
1, 357
1, 358
1, 359
1, 360
129, 351
129, 352
129, 353
129, 354
129, 355
129, 356
129, 357
129, 358
129, 359
129, 360
257, 351
257, 352
257, 353
257, 354
257, 355
257, 356
257, 357
257, 358
257, 359
257, 360
258, 351
258, 352
258, 353
258, 354
258, 355
258, 356
258, 357
258, 358
258, 359
258, 360
2, 351
2, 352
2, 353
2, 354
2, 355
2, 356
2, 357
2, 358
2, 359
2, 360
130, 351
130, 352
130, 353
130, 354
130, 355
130, 356
130, 357
130, 358
130, 359
130, 360
259, 351
259, 352
259, 353
259, 354
259, 355
259, 356
259, 357
259, 358
259, 359
259, 360
3, 351
3, 352
3, 353
3, 354
3, 355
3, 356
3, 357
3, 358
3, 359
3, 360
131, 351
131, 352
131, 353
131, 354
131, 355
131, 356
131, 357
131, 358
131, 359
131, 360
260, 351
260, 352
260, 353
260, 354
260, 355
260, 356
260, 357
260, 358
260, 359
260, 360
4, 351
4, 352
4, 353
4, 354
4, 355
4, 356
4, 357
4, 358
4, 359
4, 360
132, 351
132, 352
132, 353
132, 354
132, 355
132, 356
132, 357
132, 358
132, 359
132, 360
261, 351
261, 352
261, 353
261, 354
261, 355
261, 356
261, 357
261, 358
261, 359
261, 360
5, 351
5, 352
5, 353
5, 354
5, 355
5, 356
5, 357
5, 358
5, 359
5, 360
133, 351
133, 352
133, 353
133, 354
133, 355
133, 356
133, 357
133, 358
133, 359
133, 360
262, 351
262, 352
262, 353
262, 354
262, 355
262, 356
262, 357
262, 358
262, 359
262, 360
6, 351
6, 352
6, 353
6, 354
6, 355
6, 356
6, 357
6, 358
6, 359
6, 360
134, 351
134, 352
134, 353
134, 354
134, 355
134, 356
134, 357
134, 358
134, 359
134, 360
263, 351
263, 352
263, 353
263, 354
263, 355
263, 356
263, 357
263, 358
263, 359
263, 360
7, 351
7, 352
7, 353
7, 354
7, 355
7, 356
7, 357
7, 358
7, 359
7, 360
135, 351
135, 352
135, 353
135, 354
135, 355
135, 356
135, 357
135, 358
135, 359
135, 360
264, 351
264, 352
264, 353
264, 354
264, 355
264, 356
264, 357
264, 358
264, 359
264, 360
8, 351
8, 352
8, 353
8, 354
8, 355
8, 356
8, 357
8, 358
8, 359
8, 360
136, 351
136, 352
136, 353
136, 354
136, 355
136, 356
136, 357
136, 358
136, 359
136, 360
265, 351
265, 352
265, 353
265, 354
265, 355
265, 356
265, 357
265, 358
265, 359
265, 360
9, 351
9, 352
9, 353
9, 354
9, 355
9, 356
9, 357
9, 358
9, 359
9, 360
137, 351
137, 352
137, 353
137, 354
137, 355
137, 356
137, 357
137, 358
137, 359
137, 360
266, 351
266, 352
266, 353
266, 354
266, 355
266, 356
266, 357
266, 358
266, 359
266, 360
10, 351
10, 352
10, 353
10, 354
10, 355
10, 356
10, 357
10, 358
10, 359
10, 360
138, 351
138, 352
138, 353
138, 354
138, 355
138, 356
138, 357
138, 358
138, 359
138, 360
267, 351
267, 352
267, 353
267, 354
267, 355
267, 356
267, 357
267, 358
267, 359
267, 360
11, 351
11, 352
11, 353
11, 354
11, 355
11, 356
11, 357
11, 358
11, 359
11, 360
139, 351
139, 352
139, 353
139, 354
139, 355
139, 356
139, 357
139, 358
139, 359
139, 360
268, 351
268, 352
268, 353
268, 354
268, 355
268, 356
268, 357
268, 358
268, 359
268, 360
12, 351
12, 352
12, 353
12, 354
12, 355
12, 356
12, 357
12, 358
12, 359
12, 360
140, 351
140, 352
140, 353
140, 354
140, 355
140, 356
140, 357
140, 358
140, 359
140, 360
269, 351
269, 352
269, 353
269, 354
269, 355
269, 356
269, 357
269, 358
269, 359
269, 360
13, 351
13, 352
13, 353
13, 354
13, 355
13, 356
13, 357
13, 358
13, 359
13, 360
141, 351
141, 352
141, 353
141, 354
141, 355
141, 356
141, 357
141, 358
141, 359
141, 360
270, 351
270, 352
270, 353
270, 354
270, 355
270, 356
270, 357
270, 358
270, 359
270, 360
14, 351
14, 352
14, 353
14, 354
14, 355
14, 356
14, 357
14, 358
14, 359
14, 360
142, 351
142, 352
142, 353
142, 354
142, 355
142, 356
142, 357
142, 358
142, 359
142, 360
271, 351
271, 352
271, 353
271, 354
271, 355
271, 356
271, 357
271, 358
271, 359
271, 360
15, 351
15, 352
15, 353
15, 354
15, 355
15, 356
15, 357
15, 358
15, 359
15, 360
143, 351
143, 352
143, 353
143, 354
143, 355
143, 356
143, 357
143, 358
143, 359
143, 360
272, 351
272, 352
272, 353
272, 354
272, 355
272, 356
272, 357
272, 358
272, 359
272, 360
16, 351
16, 352
16, 353
16, 354
16, 355
16, 356
16, 357
16, 358
16, 359
16, 360
144, 351
144, 352
144, 353
144, 354
144, 355
144, 356
144, 357
144, 358
144, 359
144, 360
273, 351
273, 352
273, 353
273, 354
273, 355
273, 356
273, 357
273, 358
273, 359
273, 360
17, 351
17, 352
17, 353
17, 354
17, 355
17, 356
17, 357
17, 358
17, 359
17, 360
145, 351
145, 352
145, 353
145, 354
145, 355
145, 356
145, 357
145, 358
145, 359
145, 360
274, 351
274, 352
274, 353
274, 354
274, 355
274, 356
274, 357
274, 358
274, 359
274, 360
18, 351
18, 352
18, 353
18, 354
18, 355
18, 356
18, 357
18, 358
18, 359
18, 360
146, 351
146, 352
146, 353
146, 354
146, 355
146, 356
146, 357
146, 358
146, 359
146, 360
275, 351
275, 352
275, 353
275, 354
275, 355
275, 356
275, 357
275, 358
275, 359
275, 360
19, 351
19, 352
19, 353
19, 354
19, 355
19, 356
19, 357
19, 358
19, 359
19, 360
147, 351
147, 352
147, 353
147, 354
147, 355
147, 356
147, 357
147, 358
147, 359
147, 360
276, 351
276, 352
276, 353
276, 354
276, 355
276, 356
276, 357
276, 358
276, 359
276, 360
20, 351
20, 352
20, 353
20, 354
20, 355
20, 356
20, 357
20, 358
20, 359
20, 360
148, 351
148, 352
148, 353
148, 354
148, 355
148, 356
148, 357
148, 358
148, 359
148, 360
277, 351
277, 352
277, 353
277, 354
277, 355
277, 356
277, 357
277, 358
277, 359
277, 360
21, 351
21, 352
21, 353
21, 354
21, 355
21, 356
21, 357
21, 358
21, 359
21, 360
149, 351
149, 352
149, 353
149, 354
149, 355
149, 356
149, 357
149, 358
149, 359
149, 360
278, 351
278, 352
278, 353
278, 354
278, 355
278, 356
278, 357
278, 358
278, 359
278, 360
22, 351
22, 352
22, 353
22, 354
22, 355
22, 356
22, 357
22, 358
22, 359
22, 360
150, 351
150, 352
150, 353
150, 354
150, 355
150, 356
150, 357
150, 358
150, 359
150, 360
279, 351
279, 352
279, 353
279, 354
279, 355
279, 356
279, 357
279, 358
279, 359
279, 360
23, 351
23, 352
23, 353
23, 354
23, 355
23, 356
23, 357
23, 358
23, 359
23, 360
151, 351
151, 352
151, 353
151, 354
151, 355
151, 356
151, 357
151, 358
151, 359
151, 360
280, 351
280, 352
280, 353
280, 354
280, 355
280, 356
280, 357
280, 358
280, 359
280, 360
24, 351
24, 352
24, 353
24, 354
24, 355
24, 356
24, 357
24, 358
24, 359
24, 360
152, 351
152, 352
152, 353
152, 354
152, 355
152, 356
152, 357
152, 358
152, 359
152, 360
281, 351
281, 352
281, 353
281, 354
281, 355
281, 356
281, 357
281, 358
281, 359
281, 360
25, 351
25, 352
25, 353
25, 354
25, 355
25, 356
25, 357
25, 358
25, 359
25, 360
153, 351
153, 352
153, 353
153, 354
153, 355
153, 356
153, 357
153, 358
153, 359
153, 360
282, 351
282, 352
282, 353
282, 354
282, 355
282, 356
282, 357
282, 358
282, 359
282, 360
26, 351
26, 352
26, 353
26, 354
26, 355
26, 356
26, 357
26, 358
26, 359
26, 360
154, 351
154, 352
154, 353
154, 354
154, 355
154, 356
154, 357
154, 358
154, 359
154, 360
283, 351
283, 352
283, 353
283, 354
283, 355
283, 356
283, 357
283, 358
283, 359
283, 360
27, 351
27, 352
27, 353
27, 354
27, 355
27, 356
27, 357
27, 358
27, 359
27, 360
155, 351
155, 352
155, 353
155, 354
155, 355
155, 356
155, 357
155, 358
155, 359
155, 360
284, 351
284, 352
284, 353
284, 354
284, 355
284, 356
284, 357
284, 358
284, 359
284, 360
28, 351
28, 352
28, 353
28, 354
28, 355
28, 356
28, 357
28, 358
28, 359
28, 360
156, 351
156, 352
156, 353
156, 354
156, 355
156, 356
156, 357
156, 358
156, 359
156, 360
285, 351
285, 352
285, 353
285, 354
285, 355
285, 356
285, 357
285, 358
285, 359
285, 360
29, 351
29, 352
29, 353
29, 354
29, 355
29, 356
29, 357
29, 358
29, 359
29, 360
157, 351
157, 352
157, 353
157, 354
157, 355
157, 356
157, 357
157, 358
157, 359
157, 360
286, 351
286, 352
286, 353
286, 354
286, 355
286, 356
286, 357
286, 358
286, 359
286, 360
30, 351
30, 352
30, 353
30, 354
30, 355
30, 356
30, 357
30, 358
30, 359
30, 360
158, 351
158, 352
158, 353
158, 354
158, 355
158, 356
158, 357
158, 358
158, 359
158, 360
287, 351
287, 352
287, 353
287, 354
287, 355
287, 356
287, 357
287, 358
287, 359
287, 360
31, 351
31, 352
31, 353
31, 354
31, 355
31, 356
31, 357
31, 358
31, 359
31, 360
159, 351
159, 352
159, 353
159, 354
159, 355
159, 356
159, 357
159, 358
159, 359
159, 360
288, 351
288, 352
288, 353
288, 354
288, 355
288, 356
288, 357
288, 358
288, 359
288, 360
32, 351
32, 352
32, 353
32, 354
32, 355
32, 356
32, 357
32, 358
32, 359
32, 360
160, 351
160, 352
160, 353
160, 354
160, 355
160, 356
160, 357
160, 358
160, 359
160, 360
289, 351
289, 352
289, 353
289, 354
289, 355
289, 356
289, 357
289, 358
289, 359
289, 360
33, 351
33, 352
33, 353
33, 354
33, 355
33, 356
33, 357
33, 358
33, 359
33, 360
161, 351
161, 352
161, 353
161, 354
161, 355
161, 356
161, 357
161, 358
161, 359
161, 360
290, 351
290, 352
290, 353
290, 354
290, 355
290, 356
290, 357
290, 358
290, 359
290, 360
34, 351
34, 352
34, 353
34, 354
34, 355
34, 356
34, 357
34, 358
34, 359
34, 360
162, 351
162, 352
162, 353
162, 354
162, 355
162, 356
162, 357
162, 358
162, 359
162, 360
291, 351
291, 352
291, 353
291, 354
291, 355
291, 356
291, 357
291, 358
291, 359
291, 360
35, 351
35, 352
35, 353
35, 354
35, 355
35, 356
35, 357
35, 358
35, 359
35, 360
163, 351
163, 352
163, 353
163, 354
163, 355
163, 356
163, 357
163, 358
163, 359
163, 360
292, 351
292, 352
292, 353
292, 354
292, 355
292, 356
292, 357
292, 358
292, 359
292, 360
36, 351
36, 352
36, 353
36, 354
36, 355
36, 356
36, 357
36, 358
36, 359
36, 360
164, 351
164, 352
164, 353
164, 354
164, 355
164, 356
164, 357
164, 358
164, 359
164, 360
293, 351
293, 352
293, 353
293, 354
293, 355
293, 356
293, 357
293, 358
293, 359
293, 360
37, 351
37, 352
37, 353
37, 354
37, 355
37, 356
37, 357
37, 358
37, 359
37, 360
165, 351
165, 352
165, 353
165, 354
165, 355
165, 356
165, 357
165, 358
165, 359
165, 360
294, 351
294, 352
294, 353
294, 354
294, 355
294, 356
294, 357
294, 358
294, 359
294, 360
38, 351
38, 352
38, 353
38, 354
38, 355
38, 356
38, 357
38, 358
38, 359
38, 360
166, 351
166, 352
166, 353
166, 354
166, 355
166, 356
166, 357
166, 358
166, 359
166, 360
295, 351
295, 352
295, 353
295, 354
295, 355
295, 356
295, 357
295, 358
295, 359
295, 360
39, 351
39, 352
39, 353
39, 354
39, 355
39, 356
39, 357
39, 358
39, 359
39, 360
167, 351
167, 352
167, 353
167, 354
167, 355
167, 356
167, 357
167, 358
167, 359
167, 360
296, 351
296, 352
296, 353
296, 354
296, 355
296, 356
296, 357
296, 358
296, 359
296, 360
40, 351
40, 352
40, 353
40, 354
40, 355
40, 356
40, 357
40, 358
40, 359
40, 360
168, 351
168, 352
168, 353
168, 354
168, 355
168, 356
168, 357
168, 358
168, 359
168, 360
297, 351
297, 352
297, 353
297, 354
297, 355
297, 356
297, 357
297, 358
297, 359
297, 360
41, 351
41, 352
41, 353
41, 354
41, 355
41, 356
41, 357
41, 358
41, 359
41, 360
169, 351
169, 352
169, 353
169, 354
169, 355
169, 356
169, 357
169, 358
169, 359
169, 360
298, 351
298, 352
298, 353
298, 354
298, 355
298, 356
298, 357
298, 358
298, 359
298, 360
42, 351
42, 352
42, 353
42, 354
42, 355
42, 356
42, 357
42, 358
42, 359
42, 360
170, 351
170, 352
170, 353
170, 354
170, 355
170, 356
170, 357
170, 358
170, 359
170, 360
299, 351
299, 352
299, 353
299, 354
299, 355
299, 356
299, 357
299, 358
299, 359
299, 360
43, 351
43, 352
43, 353
43, 354
43, 355
43, 356
43, 357
43, 358
43, 359
43, 360
171, 351
171, 352
171, 353
171, 354
171, 355
171, 356
171, 357
171, 358
171, 359
171, 360
300, 351
300, 352
300, 353
300, 354
300, 355
300, 356
300, 357
300, 358
300, 359
300, 360
44, 351
44, 352
44, 353
44, 354
44, 355
44, 356
44, 357
44, 358
44, 359
44, 360
172, 351
172, 352
172, 353
172, 354
172, 355
172, 356
172, 357
172, 358
172, 359
172, 360
301, 351
301, 352
301, 353
301, 354
301, 355
301, 356
301, 357
301, 358
301, 359
301, 360
45, 351
45, 352
45, 353
45, 354
45, 355
45, 356
45, 357
45, 358
45, 359
45, 360
173, 351
173, 352
173, 353
173, 354
173, 355
173, 356
173, 357
173, 358
173, 359
173, 360
302, 351
302, 352
302, 353
302, 354
302, 355
302, 356
302, 357
302, 358
302, 359
302, 360
46, 351
46, 352
46, 353
46, 354
46, 355
46, 356
46, 357
46, 358
46, 359
46, 360
174, 351
174, 352
174, 353
174, 354
174, 355
174, 356
174, 357
174, 358
174, 359
174, 360
303, 351
303, 352
303, 353
303, 354
303, 355
303, 356
303, 357
303, 358
303, 359
303, 360
47, 351
47, 352
47, 353
47, 354
47, 355
47, 356
47, 357
47, 358
47, 359
47, 360
175, 351
175, 352
175, 353
175, 354
175, 355
175, 356
175, 357
175, 358
175, 359
175, 360
304, 351
304, 352
304, 353
304, 354
304, 355
304, 356
304, 357
304, 358
304, 359
304, 360
48, 351
48, 352
48, 353
48, 354
48, 355
48, 356
48, 357
48, 358
48, 359
48, 360
176, 351
176, 352
176, 353
176, 354
176, 355
176, 356
176, 357
176, 358
176, 359
176, 360
305, 351
305, 352
305, 353
305, 354
305, 355
305, 356
305, 357
305, 358
305, 359
305, 360
49, 351
49, 352
49, 353
49, 354
49, 355
49, 356
49, 357
49, 358
49, 359
49, 360
177, 351
177, 352
177, 353
177, 354
177, 355
177, 356
177, 357
177, 358
177, 359
177, 360
306, 351
306, 352
306, 353
306, 354
306, 355
306, 356
306, 357
306, 358
306, 359
306, 360
50, 351
50, 352
50, 353
50, 354
50, 355
50, 356
50, 357
50, 358
50, 359
50, 360
178, 351
178, 352
178, 353
178, 354
178, 355
178, 356
178, 357
178, 358
178, 359
178, 360
307, 351
307, 352
307, 353
307, 354
307, 355
307, 356
307, 357
307, 358
307, 359
307, 360
51, 351
51, 352
51, 353
51, 354
51, 355
51, 356
51, 357
51, 358
51, 359
51, 360
179, 351
179, 352
179, 353
179, 354
179, 355
179, 356
179, 357
179, 358
179, 359
179, 360
308, 351
308, 352
308, 353
308, 354
308, 355
308, 356
308, 357
308, 358
308, 359
308, 360
52, 351
52, 352
52, 353
52, 354
52, 355
52, 356
52, 357
52, 358
52, 359
52, 360
180, 351
180, 352
180, 353
180, 354
180, 355
180, 356
180, 357
180, 358
180, 359
180, 360
309, 351
309, 352
309, 353
309, 354
309, 355
309, 356
309, 357
309, 358
309, 359
309, 360
53, 351
53, 352
53, 353
53, 354
53, 355
53, 356
53, 357
53, 358
53, 359
53, 360
181, 351
181, 352
181, 353
181, 354
181, 355
181, 356
181, 357
181, 358
181, 359
181, 360
310, 351
310, 352
310, 353
310, 354
310, 355
310, 356
310, 357
310, 358
310, 359
310, 360
54, 351
54, 352
54, 353
54, 354
54, 355
54, 356
54, 357
54, 358
54, 359
54, 360
182, 351
182, 352
182, 353
182, 354
182, 355
182, 356
182, 357
182, 358
182, 359
182, 360
311, 351
311, 352
311, 353
311, 354
311, 355
311, 356
311, 357
311, 358
311, 359
311, 360
55, 351
55, 352
55, 353
55, 354
55, 355
55, 356
55, 357
55, 358
55, 359
55, 360
183, 351
183, 352
183, 353
183, 354
183, 355
183, 356
183, 357
183, 358
183, 359
183, 360
312, 351
312, 352
312, 353
312, 354
312, 355
312, 356
312, 357
312, 358
312, 359
312, 360
56, 351
56, 352
56, 353
56, 354
56, 355
56, 356
56, 357
56, 358
56, 359
56, 360
184, 351
184, 352
184, 353
184, 354
184, 355
184, 356
184, 357
184, 358
184, 359
184, 360
313, 351
313, 352
313, 353
313, 354
313, 355
313, 356
313, 357
313, 358
313, 359
313, 360
57, 351
57, 352
57, 353
57, 354
57, 355
57, 356
57, 357
57, 358
57, 359
57, 360
185, 351
185, 352
185, 353
185, 354
185, 355
185, 356
185, 357
185, 358
185, 359
185, 360
314, 351
314, 352
314, 353
314, 354
314, 355
314, 356
314, 357
314, 358
314, 359
314, 360
58, 351
58, 352
58, 353
58, 354
58, 355
58, 356
58, 357
58, 358
58, 359
58, 360
186, 351
186, 352
186, 353
186, 354
186, 355
186, 356
186, 357
186, 358
186, 359
186, 360
315, 351
315, 352
315, 353
315, 354
315, 355
315, 356
315, 357
315, 358
315, 359
315, 360
59, 351
59, 352
59, 353
59, 354
59, 355
59, 356
59, 357
59, 358
59, 359
59, 360
187, 351
187, 352
187, 353
187, 354
187, 355
187, 356
187, 357
187, 358
187, 359
187, 360
316, 351
316, 352
316, 353
316, 354
316, 355
316, 356
316, 357
316, 358
316, 359
316, 360
60, 351
60, 352
60, 353
60, 354
60, 355
60, 356
60, 357
60, 358
60, 359
60, 360
188, 351
188, 352
188, 353
188, 354
188, 355
188, 356
188, 357
188, 358
188, 359
188, 360
317, 351
317, 352
317, 353
317, 354
317, 355
317, 356
317, 357
317, 358
317, 359
317, 360
61, 351
61, 352
61, 353
61, 354
61, 355
61, 356
61, 357
61, 358
61, 359
61, 360
189, 351
189, 352
189, 353
189, 354
189, 355
189, 356
189, 357
189, 358
189, 359
189, 360
318, 351
318, 352
318, 353
318, 354
318, 355
318, 356
318, 357
318, 358
318, 359
318, 360
62, 351
62, 352
62, 353
62, 354
62, 355
62, 356
62, 357
62, 358
62, 359
62, 360
190, 351
190, 352
190, 353
190, 354
190, 355
190, 356
190, 357
190, 358
190, 359
190, 360
319, 351
319, 352
319, 353
319, 354
319, 355
319, 356
319, 357
319, 358
319, 359
319, 360
63, 351
63, 352
63, 353
63, 354
63, 355
63, 356
63, 357
63, 358
63, 359
63, 360
191, 351
191, 352
191, 353
191, 354
191, 355
191, 356
191, 357
191, 358
191, 359
191, 360
320, 351
320, 352
320, 353
320, 354
320, 355
320, 356
320, 357
320, 358
320, 359
320, 360
64, 351
64, 352
64, 353
64, 354
64, 355
64, 356
64, 357
64, 358
64, 359
64, 360
192, 351
192, 352
192, 353
192, 354
192, 355
192, 356
192, 357
192, 358
192, 359
192, 360
321, 351
321, 352
321, 353
321, 354
321, 355
321, 356
321, 357
321, 358
321, 359
321, 360
65, 351
65, 352
65, 353
65, 354
65, 355
65, 356
65, 357
65, 358
65, 359
65, 360
193, 351
193, 352
193, 353
193, 354
193, 355
193, 356
193, 357
193, 358
193, 359
193, 360
322, 351
322, 352
322, 353
322, 354
322, 355
322, 356
322, 357
322, 358
322, 359
322, 360
66, 351
66, 352
66, 353
66, 354
66, 355
66, 356
66, 357
66, 358
66, 359
66, 360
194, 351
194, 352
194, 353
194, 354
194, 355
194, 356
194, 357
194, 358
194, 359
194, 360
323, 351
323, 352
323, 353
323, 354
323, 355
323, 356
323, 357
323, 358
323, 359
323, 360
67, 351
67, 352
67, 353
67, 354
67, 355
67, 356
67, 357
67, 358
67, 359
67, 360
195, 351
195, 352
195, 353
195, 354
195, 355
195, 356
195, 357
195, 358
195, 359
195, 360
324, 351
324, 352
324, 353
324, 354
324, 355
324, 356
324, 357
324, 358
324, 359
324, 360
68, 351
68, 352
68, 353
68, 354
68, 355
68, 356
68, 357
68, 358
68, 359
68, 360
196, 351
196, 352
196, 353
196, 354
196, 355
196, 356
196, 357
196, 358
196, 359
196, 360
325, 351
325, 352
325, 353
325, 354
325, 355
325, 356
325, 357
325, 358
325, 359
325, 360
69, 351
69, 352
69, 353
69, 354
69, 355
69, 356
69, 357
69, 358
69, 359
69, 360
197, 351
197, 352
197, 353
197, 354
197, 355
197, 356
197, 357
197, 358
197, 359
197, 360
326, 351
326, 352
326, 353
326, 354
326, 355
326, 356
326, 357
326, 358
326, 359
326, 360
70, 351
70, 352
70, 353
70, 354
70, 355
70, 356
70, 357
70, 358
70, 359
70, 360
198, 351
198, 352
198, 353
198, 354
198, 355
198, 356
198, 357
198, 358
198, 359
198, 360
327, 351
327, 352
327, 353
327, 354
327, 355
327, 356
327, 357
327, 358
327, 359
327, 360
71, 351
71, 352
71, 353
71, 354
71, 355
71, 356
71, 357
71, 358
71, 359
71, 360
199, 351
199, 352
199, 353
199, 354
199, 355
199, 356
199, 357
199, 358
199, 359
199, 360
328, 351
328, 352
328, 353
328, 354
328, 355
328, 356
328, 357
328, 358
328, 359
328, 360
72, 351
72, 352
72, 353
72, 354
72, 355
72, 356
72, 357
72, 358
72, 359
72, 360
200, 351
200, 352
200, 353
200, 354
200, 355
200, 356
200, 357
200, 358
200, 359
200, 360
329, 351
329, 352
329, 353
329, 354
329, 355
329, 356
329, 357
329, 358
329, 359
329, 360
73, 351
73, 352
73, 353
73, 354
73, 355
73, 356
73, 357
73, 358
73, 359
73, 360
201, 351
201, 352
201, 353
201, 354
201, 355
201, 356
201, 357
201, 358
201, 359
201, 360
330, 351
330, 352
330, 353
330, 354
330, 355
330, 356
330, 357
330, 358
330, 359
330, 360
74, 351
74, 352
74, 353
74, 354
74, 355
74, 356
74, 357
74, 358
74, 359
74, 360
202, 351
202, 352
202, 353
202, 354
202, 355
202, 356
202, 357
202, 358
202, 359
202, 360
331, 351
331, 352
331, 353
331, 354
331, 355
331, 356
331, 357
331, 358
331, 359
331, 360
75, 351
75, 352
75, 353
75, 354
75, 355
75, 356
75, 357
75, 358
75, 359
75, 360
203, 351
203, 352
203, 353
203, 354
203, 355
203, 356
203, 357
203, 358
203, 359
203, 360
332, 351
332, 352
332, 353
332, 354
332, 355
332, 356
332, 357
332, 358
332, 359
332, 360
76, 351
76, 352
76, 353
76, 354
76, 355
76, 356
76, 357
76, 358
76, 359
76, 360
204, 351
204, 352
204, 353
204, 354
204, 355
204, 356
204, 357
204, 358
204, 359
204, 360
333, 351
333, 352
333, 353
333, 354
333, 355
333, 356
333, 357
333, 358
333, 359
333, 360
77, 351
77, 352
77, 353
77, 354
77, 355
77, 356
77, 357
77, 358
77, 359
77, 360
205, 351
205, 352
205, 353
205, 354
205, 355
205, 356
205, 357
205, 358
205, 359
205, 360
334, 351
334, 352
334, 353
334, 354
334, 355
334, 356
334, 357
334, 358
334, 359
334, 360
78, 351
78, 352
78, 353
78, 354
78, 355
78, 356
78, 357
78, 358
78, 359
78, 360
206, 351
206, 352
206, 353
206, 354
206, 355
206, 356
206, 357
206, 358
206, 359
206, 360
335, 351
335, 352
335, 353
335, 354
335, 355
335, 356
335, 357
335, 358
335, 359
335, 360
79, 351
79, 352
79, 353
79, 354
79, 355
79, 356
79, 357
79, 358
79, 359
79, 360
207, 351
207, 352
207, 353
207, 354
207, 355
207, 356
207, 357
207, 358
207, 359
207, 360
336, 351
336, 352
336, 353
336, 354
336, 355
336, 356
336, 357
336, 358
336, 359
336, 360
80, 351
80, 352
80, 353
80, 354
80, 355
80, 356
80, 357
80, 358
80, 359
80, 360
208, 351
208, 352
208, 353
208, 354
208, 355
208, 356
208, 357
208, 358
208, 359
208, 360
337, 351
337, 352
337, 353
337, 354
337, 355
337, 356
337, 357
337, 358
337, 359
337, 360
81, 351
81, 352
81, 353
81, 354
81, 355
81, 356
81, 357
81, 358
81, 359
81, 360
209, 351
209, 352
209, 353
209, 354
209, 355
209, 356
209, 357
209, 358
209, 359
209, 360
338, 351
338, 352
338, 353
338, 354
338, 355
338, 356
338, 357
338, 358
338, 359
338, 360
82, 351
82, 352
82, 353
82, 354
82, 355
82, 356
82, 357
82, 358
82, 359
82, 360
210, 351
210, 352
210, 353
210, 354
210, 355
210, 356
210, 357
210, 358
210, 359
210, 360
339, 351
339, 352
339, 353
339, 354
339, 355
339, 356
339, 357
339, 358
339, 359
339, 360
83, 351
83, 352
83, 353
83, 354
83, 355
83, 356
83, 357
83, 358
83, 359
83, 360
211, 351
211, 352
211, 353
211, 354
211, 355
211, 356
211, 357
211, 358
211, 359
211, 360
340, 351
340, 352
340, 353
340, 354
340, 355
340, 356
340, 357
340, 358
340, 359
340, 360
84, 351
84, 352
84, 353
84, 354
84, 355
84, 356
84, 357
84, 358
84, 359
84, 360
212, 351
212, 352
212, 353
212, 354
212, 355
212, 356
212, 357
212, 358
212, 359
212, 360
341, 351
341, 352
341, 353
341, 354
341, 355
341, 356
341, 357
341, 358
341, 359
341, 360
85, 351
85, 352
85, 353
85, 354
85, 355
85, 356
85, 357
85, 358
85, 359
85, 360
213, 351
213, 352
213, 353
213, 354
213, 355
213, 356
213, 357
213, 358
213, 359
213, 360
342, 351
342, 352
342, 353
342, 354
342, 355
342, 356
342, 357
342, 358
342, 359
342, 360
86, 351
86, 352
86, 353
86, 354
86, 355
86, 356
86, 357
86, 358
86, 359
86, 360
214, 351
214, 352
214, 353
214, 354
214, 355
214, 356
214, 357
214, 358
214, 359
214, 360
343, 351
343, 352
343, 353
343, 354
343, 355
343, 356
343, 357
343, 358
343, 359
343, 360
87, 351
87, 352
87, 353
87, 354
87, 355
87, 356
87, 357
87, 358
87, 359
87, 360
215, 351
215, 352
215, 353
215, 354
215, 355
215, 356
215, 357
215, 358
215, 359
215, 360
344, 351
344, 352
344, 353
344, 354
344, 355
344, 356
344, 357
344, 358
344, 359
344, 360
88, 351
88, 352
88, 353
88, 354
88, 355
88, 356
88, 357
88, 358
88, 359
88, 360
216, 351
216, 352
216, 353
216, 354
216, 355
216, 356
216, 357
216, 358
216, 359
216, 360
345, 351
345, 352
345, 353
345, 354
345, 355
345, 356
345, 357
345, 358
345, 359
345, 360
89, 351
89, 352
89, 353
89, 354
89, 355
89, 356
89, 357
89, 358
89, 359
89, 360
217, 351
217, 352
217, 353
217, 354
217, 355
217, 356
217, 357
217, 358
217, 359
217, 360
346, 351
346, 352
346, 353
346, 354
346, 355
346, 356
346, 357
346, 358
346, 359
346, 360
90, 351
90, 352
90, 353
90, 354
90, 355
90, 356
90, 357
90, 358
90, 359
90, 360
218, 351
218, 352
218, 353
218, 354
218, 355
218, 356
218, 357
218, 358
218, 359
218, 360
347, 351
347, 352
347, 353
347, 354
347, 355
347, 356
347, 357
347, 358
347, 359
347, 360
91, 351
91, 352
91, 353
91, 354
91, 355
91, 356
91, 357
91, 358
91, 359
91, 360
219, 351
219, 352
219, 353
219, 354
219, 355
219, 356
219, 357
219, 358
219, 359
219, 360
348, 351
348, 352
348, 353
348, 354
348, 355
348, 356
348, 357
348, 358
348, 359
348, 360
92, 351
92, 352
92, 353
92, 354
92, 355
92, 356
92, 357
92, 358
92, 359
92, 360
220, 351
220, 352
220, 353
220, 354
220, 355
220, 356
220, 357
220, 358
220, 359
220, 360
349, 351
349, 352
349, 353
349, 354
349, 355
349, 356
349, 357
349, 358
349, 359
349, 360
93, 351
93, 352
93, 353
93, 354
93, 355
93, 356
93, 357
93, 358
93, 359
93, 360
221, 351
221, 352
221, 353
221, 354
221, 355
221, 356
221, 357
221, 358
221, 359
221, 360
350, 351
350, 352
350, 353
350, 354
350, 355
350, 356
350, 357
350, 358
350, 359
350, 360
94, 351
94, 352
94, 353
94, 354
94, 355
94, 356
94, 357
94, 358
94, 359
94, 360
222, 351
222, 352
222, 353
222, 354
222, 355
222, 356
222, 357
222, 358
222, 359
222, 360
351, 352
351, 353
351, 354
351, 355
351, 356
351, 357
351, 358
351, 359
351, 360
95, 351
95, 352
95, 353
95, 354
95, 355
95, 356
95, 357
95, 358
95, 359
95, 360
223, 351
223, 352
223, 353
223, 354
223, 355
223, 356
223, 357
223, 358
223, 359
223, 360
352, 354
352, 356
352, 358
352, 360
352, 359
352, 357
352, 355
352, 353
96, 351
96, 352
96, 353
96, 354
96, 355
96, 356
96, 357
96, 358
96, 359
96, 360
224, 351
224, 352
224, 353
224, 354
224, 355
224, 356
224, 357
224, 358
224, 359
224, 360
353, 355
353, 357
353, 359
353, 360
353, 358
353, 356
353, 354
97, 351
97, 352
97, 353
97, 354
97, 355
97, 356
97, 357
97, 358
97, 359
97, 360
225, 351
225, 352
225, 353
225, 354
225, 355
225, 356
225, 357
225, 358
225, 359
225, 360
354, 356
354, 358
354, 360
354, 359
354, 357
354, 355
98, 351
98, 352
98, 353
98, 354
98, 355
98, 356
98, 357
98, 358
98, 359
98, 360
226, 351
226, 352
226, 353
226, 354
226, 355
226, 356
226, 357
226, 358
226, 359
226, 360
355, 357
355, 359
355, 360
355, 358
355, 356
99, 351
99, 352
99, 353
99, 354
99, 355
99, 356
99, 357
99, 358
99, 359
99, 360
227, 351
227, 352
227, 353
227, 354
227, 355
227, 356
227, 357
227, 358
227, 359
227, 360
356, 358
356, 360
356, 359
356, 357
100, 351
100, 352
100, 353
100, 354
100, 355
100, 356
100, 357
100, 358
100, 359
100, 360
228, 351
228, 352
228, 353
228, 354
228, 355
228, 356
228, 357
228, 358
228, 359
228, 360
357, 359
357, 360
357, 358
101, 351
101, 352
101, 353
101, 354
101, 355
101, 356
101, 357
101, 358
101, 359
101, 360
229, 351
229, 352
229, 353
229, 354
229, 355
229, 356
229, 357
229, 358
229, 359
229, 360
358, 360
358, 359
102, 351
102, 352
102, 353
102, 354
102, 355
102, 356
102, 357
102, 358
102, 359
102, 360
230, 351
230, 352
230, 353
230, 354
230, 355
230, 356
230, 357
230, 358
230, 359
230, 360
359, 360
103, 351
103, 352
103, 353
103, 354
103, 355
103, 356
103, 357
103, 358
103, 359
103, 360
231, 351
231, 352
231, 353
231, 354
231, 355
231, 356
231, 357
231, 358
231, 359
231, 360
104, 351
104, 352
104, 353
104, 354
104, 355
104, 356
104, 357
104, 358
104, 359
104, 360
232, 351
232, 352
232, 353
232, 354
232, 355
232, 356
232, 357
232, 358
232, 359
232, 360
105, 351
105, 352
105, 353
105, 354
105, 355
105, 356
105, 357
105, 358
105, 359
105, 360
233, 351
233, 352
233, 353
233, 354
233, 355
233, 356
233, 357
233, 358
233, 359
233, 360
106, 351
106, 352
106, 353
106, 354
106, 355
106, 356
106, 357
106, 358
106, 359
106, 360
234, 351
234, 352
234, 353
234, 354
234, 355
234, 356
234, 357
234, 358
234, 359
234, 360
107, 351
107, 352
107, 353
107, 354
107, 355
107, 356
107, 357
107, 358
107, 359
107, 360
235, 351
235, 352
235, 353
235, 354
235, 355
235, 356
235, 357
235, 358
235, 359
235, 360
108, 351
108, 352
108, 353
108, 354
108, 355
108, 356
108, 357
108, 358
108, 359
108, 360
236, 351
236, 352
236, 353
236, 354
236, 355
236, 356
236, 357
236, 358
236, 359
236, 360
109, 351
109, 352
109, 353
109, 354
109, 355
109, 356
109, 357
109, 358
109, 359
109, 360
237, 351
237, 352
237, 353
237, 354
237, 355
237, 356
237, 357
237, 358
237, 359
237, 360
110, 351
110, 352
110, 353
110, 354
110, 355
110, 356
110, 357
110, 358
110, 359
110, 360
238, 351
238, 352
238, 353
238, 354
238, 355
238, 356
238, 357
238, 358
238, 359
238, 360
111, 351
111, 352
111, 353
111, 354
111, 355
111, 356
111, 357
111, 358
111, 359
111, 360
239, 351
239, 352
239, 353
239, 354
239, 355
239, 356
239, 357
239, 358
239, 359
239, 360
112, 351
112, 352
112, 353
112, 354
112, 355
112, 356
112, 357
112, 358
112, 359
112, 360
240, 351
240, 352
240, 353
240, 354
240, 355
240, 356
240, 357
240, 358
240, 359
240, 360
113, 351
113, 352
113, 353
113, 354
113, 355
113, 356
113, 357
113, 358
113, 359
113, 360
241, 351
241, 352
241, 353
241, 354
241, 355
241, 356
241, 357
241, 358
241, 359
241, 360
114, 351
114, 352
114, 353
114, 354
114, 355
114, 356
114, 357
114, 358
114, 359
114, 360
242, 351
242, 352
242, 353
242, 354
242, 355
242, 356
242, 357
242, 358
242, 359
242, 360
115, 351
115, 352
115, 353
115, 354
115, 355
115, 356
115, 357
115, 358
115, 359
115, 360
243, 351
243, 352
243, 353
243, 354
243, 355
243, 356
243, 357
243, 358
243, 359
243, 360
116, 351
116, 352
116, 353
116, 354
116, 355
116, 356
116, 357
116, 358
116, 359
116, 360
244, 351
244, 352
244, 353
244, 354
244, 355
244, 356
244, 357
244, 358
244, 359
244, 360
117, 351
117, 352
117, 353
117, 354
117, 355
117, 356
117, 357
117, 358
117, 359
117, 360
245, 351
245, 352
245, 353
245, 354
245, 355
245, 356
245, 357
245, 358
245, 359
245, 360
118, 351
118, 352
118, 353
118, 354
118, 355
118, 356
118, 357
118, 358
118, 359
118, 360
246, 351
246, 352
246, 353
246, 354
246, 355
246, 356
246, 357
246, 358
246, 359
246, 360
119, 351
119, 352
119, 353
119, 354
119, 355
119, 356
119, 357
119, 358
119, 359
119, 360
247, 351
247, 352
247, 353
247, 354
247, 355
247, 356
247, 357
247, 358
247, 359
247, 360
120, 351
120, 352
120, 353
120, 354
120, 355
120, 356
120, 357
120, 358
120, 359
120, 360
248, 351
248, 352
248, 353
248, 354
248, 355
248, 356
248, 357
248, 358
248, 359
248, 360
121, 351
121, 352
121, 353
121, 354
121, 355
121, 356
121, 357
121, 358
121, 359
121, 360
249, 351
249, 352
249, 353
249, 354
249, 355
249, 356
249, 357
249, 358
249, 359
249, 360
122, 351
122, 352
122, 353
122, 354
122, 355
122, 356
122, 357
122, 358
122, 359
122, 360
250, 351
250, 352
250, 353
250, 354
250, 355
250, 356
250, 357
250, 358
250, 359
250, 360
123, 351
123, 352
123, 353
123, 354
123, 355
123, 356
123, 357
123, 358
123, 359
123, 360
251, 351
251, 352
251, 353
251, 354
251, 355
251, 356
251, 357
251, 358
251, 359
251, 360
124, 351
124, 352
124, 353
124, 354
124, 355
124, 356
124, 357
124, 358
124, 359
124, 360
252, 351
252, 352
252, 353
252, 354
252, 355
252, 356
252, 357
252, 358
252, 359
252, 360
125, 351
125, 352
125, 353
125, 354
125, 355
125, 356
125, 357
125, 358
125, 359
125, 360
253, 351
253, 352
253, 353
253, 354
253, 355
253, 356
253, 357
253, 358
253, 359
253, 360
126, 351
126, 352
126, 353
126, 354
126, 355
126, 356
126, 357
126, 358
126, 359
126, 360
254, 351
254, 352
254, 353
254, 354
254, 355
254, 356
254, 357
254, 358
254, 359
254, 360
127, 351
127, 352
127, 353
127, 354
127, 355
127, 356
127, 357
127, 358
127, 359
127, 360
255, 351
255, 352
255, 353
255, 354
255, 355
255, 356
255, 357
255, 358
255, 359
255, 360
