LoadRulesRealTime,LoadRulesCPUTime,LoadFactsRealTime,LoadFactsCPUTime,QueryRealTime,QueryCPUTime,WriteRealTime,WriteCPUTime
0.00117301940917969,0.000551999999999999,0.00411605834960938,0.003565,0.00017094612121582,0.000168000000000001,0.0005061626434326181,0.000184999999999998
0.0011589527130127,0.000553999999999999,0.00408387184143066,0.003552,0.000169992446899414,0.000167,0.0005269050598144529,0.000200000000000001
0.00116705894470215,0.000555,0.00413703918457031,0.00361,0.00017094612121582,0.000167,0.000492095947265625,0.00018799999999999899
0.00117182731628418,0.000553,0.00411510467529297,0.003549,0.000175952911376953,0.000173,0.000484228134155274,0.000184
0.00114893913269043,0.00055,0.0041501522064209,0.0036,0.000171899795532227,0.00017,0.000500917434692382,0.00018100000000000098
Average,0.0011639595031738299,0.0005527999999999997,0.004120445251464844,0.0035751999999999997,0.0001719474792480468,0.00016900000000000018,0.0005020618438720704,0.0001875999999999998
