Query: query1
384, 394
128, 258
128, 388
128, 198
128, 328
128, 138
128, 268
128, 398
128, 208
128, 338
128, 148
128, 278
128, 218
128, 348
128, 158
128, 288
128, 228
128, 358
128, 168
128, 298
128, 238
128, 368
128, 178
128, 308
128, 248
128, 378
128, 188
128, 318
256, 386
256, 326
256, 266
256, 396
256, 336
256, 276
256, 346
256, 286
256, 356
256, 296
256, 366
256, 306
256, 376
256, 316
385, 395
1, 321
1, 131
1, 261
1, 391
1, 71
1, 201
1, 331
1, 11
1, 141
1, 271
1, 81
1, 211
1, 341
1, 21
1, 151
1, 281
1, 91
1, 221
1, 351
1, 31
1, 161
1, 291
1, 101
1, 231
1, 361
1, 41
1, 171
1, 301
1, 111
1, 241
1, 371
1, 51
1, 181
1, 311
1, 121
1, 251
1, 381
1, 61
1, 191
129, 259
129, 389
129, 199
129, 329
129, 139
129, 269
129, 399
129, 209
129, 339
129, 149
129, 279
129, 219
129, 349
129, 159
129, 289
129, 229
129, 359
129, 169
129, 299
129, 239
129, 369
129, 179
129, 309
129, 249
129, 379
129, 189
129, 319
257, 387
257, 327
257, 267
257, 397
257, 337
257, 277
257, 347
257, 287
257, 357
257, 297
257, 367
257, 307
257, 377
257, 317
386, 396
258, 388
258, 328
258, 268
258, 398
258, 338
258, 278
258, 348
258, 288
258, 358
258, 298
258, 368
258, 308
258, 378
258, 318
2, 192
2, 322
2, 132
2, 262
2, 392
2, 72
2, 202
2, 332
2, 12
2, 142
2, 272
2, 82
2, 212
2, 342
2, 22
2, 152
2, 282
2, 92
2, 222
2, 352
2, 32
2, 162
2, 292
2, 102
2, 232
2, 362
2, 42
2, 172
2, 302
2, 112
2, 242
2, 372
2, 52
2, 182
2, 312
2, 122
2, 252
2, 382
2, 62
130, 320
130, 260
130, 390
130, 200
130, 330
130, 140
130, 270
130, 400
130, 210
130, 340
130, 150
130, 280
130, 220
130, 350
130, 160
130, 290
130, 230
130, 360
130, 170
130, 300
130, 240
130, 370
130, 180
130, 310
130, 250
130, 380
130, 190
387, 397
259, 389
259, 329
259, 269
259, 399
259, 339
259, 279
259, 349
259, 289
259, 359
259, 299
259, 369
259, 309
259, 379
259, 319
3, 193
3, 323
3, 133
3, 263
3, 393
3, 73
3, 203
3, 333
3, 13
3, 143
3, 273
3, 83
3, 213
3, 343
3, 23
3, 153
3, 283
3, 93
3, 223
3, 353
3, 33
3, 163
3, 293
3, 103
3, 233
3, 363
3, 43
3, 173
3, 303
3, 113
3, 243
3, 373
3, 53
3, 183
3, 313
3, 123
3, 253
3, 383
3, 63
131, 321
131, 261
131, 391
131, 201
131, 331
131, 141
131, 271
131, 211
131, 341
131, 151
131, 281
131, 221
131, 351
131, 161
131, 291
131, 231
131, 361
131, 171
131, 301
131, 241
131, 371
131, 181
131, 311
131, 251
131, 381
131, 191
388, 398
260, 320
260, 390
260, 330
260, 270
260, 400
260, 340
260, 280
260, 350
260, 290
260, 360
260, 300
260, 370
260, 310
260, 380
4, 384
4, 64
4, 194
4, 324
4, 134
4, 264
4, 394
4, 74
4, 204
4, 334
4, 14
4, 144
4, 274
4, 84
4, 214
4, 344
4, 24
4, 154
4, 284
4, 94
4, 224
4, 354
4, 34
4, 164
4, 294
4, 104
4, 234
4, 364
4, 44
4, 174
4, 304
4, 114
4, 244
4, 374
4, 54
4, 184
4, 314
4, 124
4, 254
132, 192
132, 322
132, 262
132, 392
132, 202
132, 332
132, 142
132, 272
132, 212
132, 342
132, 152
132, 282
132, 222
132, 352
132, 162
132, 292
132, 232
132, 362
132, 172
132, 302
132, 242
132, 372
132, 182
132, 312
132, 252
132, 382
389, 399
261, 321
261, 391
261, 331
261, 271
261, 341
261, 281
261, 351
261, 291
261, 361
261, 301
261, 371
261, 311
261, 381
5, 385
5, 65
5, 195
5, 325
5, 135
5, 265
5, 395
5, 75
5, 205
5, 335
5, 15
5, 145
5, 275
5, 85
5, 215
5, 345
5, 25
5, 155
5, 285
5, 95
5, 225
5, 355
5, 35
5, 165
5, 295
5, 105
5, 235
5, 365
5, 45
5, 175
5, 305
5, 115
5, 245
5, 375
5, 55
5, 185
5, 315
5, 125
5, 255
133, 193
133, 323
133, 263
133, 393
133, 203
133, 333
133, 143
133, 273
133, 213
133, 343
133, 153
133, 283
133, 223
133, 353
133, 163
133, 293
133, 233
133, 363
133, 173
133, 303
133, 243
133, 373
133, 183
133, 313
133, 253
133, 383
390, 400
262, 322
262, 392
262, 332
262, 272
262, 342
262, 282
262, 352
262, 292
262, 362
262, 302
262, 372
262, 312
262, 382
6, 256
6, 386
6, 66
6, 196
6, 326
6, 136
6, 266
6, 396
6, 76
6, 206
6, 336
6, 16
6, 146
6, 276
6, 86
6, 216
6, 346
6, 26
6, 156
6, 286
6, 96
6, 226
6, 356
6, 36
6, 166
6, 296
6, 106
6, 236
6, 366
6, 46
6, 176
6, 306
6, 116
6, 246
6, 376
6, 56
6, 186
6, 316
6, 126
134, 384
134, 194
134, 324
134, 264
134, 394
134, 204
134, 334
134, 144
134, 274
134, 214
134, 344
134, 154
134, 284
134, 224
134, 354
134, 164
134, 294
134, 234
134, 364
134, 174
134, 304
134, 244
134, 374
134, 184
134, 314
134, 254
263, 323
263, 393
263, 333
263, 273
263, 343
263, 283
263, 353
263, 293
263, 363
263, 303
263, 373
263, 313
263, 383
7, 257
7, 387
7, 67
7, 197
7, 327
7, 137
7, 267
7, 397
7, 77
7, 207
7, 337
7, 17
7, 147
7, 277
7, 87
7, 217
7, 347
7, 27
7, 157
7, 287
7, 97
7, 227
7, 357
7, 37
7, 167
7, 297
7, 107
7, 237
7, 367
7, 47
7, 177
7, 307
7, 117
7, 247
7, 377
7, 57
7, 187
7, 317
7, 127
135, 385
135, 195
135, 325
135, 265
135, 395
135, 205
135, 335
135, 145
135, 275
135, 215
135, 345
135, 155
135, 285
135, 225
135, 355
135, 165
135, 295
135, 235
135, 365
135, 175
135, 305
135, 245
135, 375
135, 185
135, 315
135, 255
264, 384
264, 324
264, 394
264, 334
264, 274
264, 344
264, 284
264, 354
264, 294
264, 364
264, 304
264, 374
264, 314
8, 128
8, 258
8, 388
8, 68
8, 198
8, 328
8, 138
8, 268
8, 398
8, 78
8, 208
8, 338
8, 18
8, 148
8, 278
8, 88
8, 218
8, 348
8, 28
8, 158
8, 288
8, 98
8, 228
8, 358
8, 38
8, 168
8, 298
8, 108
8, 238
8, 368
8, 48
8, 178
8, 308
8, 118
8, 248
8, 378
8, 58
8, 188
8, 318
136, 256
136, 386
136, 196
136, 326
136, 266
136, 396
136, 206
136, 336
136, 146
136, 276
136, 216
136, 346
136, 156
136, 286
136, 226
136, 356
136, 166
136, 296
136, 236
136, 366
136, 176
136, 306
136, 246
136, 376
136, 186
136, 316
265, 385
265, 325
265, 395
265, 335
265, 275
265, 345
265, 285
265, 355
265, 295
265, 365
265, 305
265, 375
265, 315
9, 129
9, 259
9, 389
9, 69
9, 199
9, 329
9, 139
9, 269
9, 399
9, 79
9, 209
9, 339
9, 19
9, 149
9, 279
9, 89
9, 219
9, 349
9, 29
9, 159
9, 289
9, 99
9, 229
9, 359
9, 39
9, 169
9, 299
9, 109
9, 239
9, 369
9, 49
9, 179
9, 309
9, 119
9, 249
9, 379
9, 59
9, 189
9, 319
137, 257
137, 387
137, 197
137, 327
137, 267
137, 397
137, 207
137, 337
137, 147
137, 277
137, 217
137, 347
137, 157
137, 287
137, 227
137, 357
137, 167
137, 297
137, 237
137, 367
137, 177
137, 307
137, 247
137, 377
137, 187
137, 317
266, 386
266, 326
266, 396
266, 336
266, 276
266, 346
266, 286
266, 356
266, 296
266, 366
266, 306
266, 376
266, 316
10, 320
10, 130
10, 260
10, 390
10, 70
10, 200
10, 330
10, 140
10, 270
10, 400
10, 80
10, 210
10, 340
10, 20
10, 150
10, 280
10, 90
10, 220
10, 350
10, 30
10, 160
10, 290
10, 100
10, 230
10, 360
10, 40
10, 170
10, 300
10, 110
10, 240
10, 370
10, 50
10, 180
10, 310
10, 120
10, 250
10, 380
10, 60
10, 190
138, 258
138, 388
138, 198
138, 328
138, 268
138, 398
138, 208
138, 338
138, 148
138, 278
138, 218
138, 348
138, 158
138, 288
138, 228
138, 358
138, 168
138, 298
138, 238
138, 368
138, 178
138, 308
138, 248
138, 378
138, 188
138, 318
267, 387
267, 327
267, 397
267, 337
267, 277
267, 347
267, 287
267, 357
267, 297
267, 367
267, 307
267, 377
267, 317
11, 321
11, 131
11, 261
11, 391
11, 71
11, 201
11, 331
11, 141
11, 271
11, 81
11, 211
11, 341
11, 21
11, 151
11, 281
11, 91
11, 221
11, 351
11, 31
11, 161
11, 291
11, 101
11, 231
11, 361
11, 41
11, 171
11, 301
11, 111
11, 241
11, 371
11, 51
11, 181
11, 311
11, 121
11, 251
11, 381
11, 61
11, 191
139, 259
139, 389
139, 199
139, 329
139, 269
139, 399
139, 209
139, 339
139, 149
139, 279
139, 219
139, 349
139, 159
139, 289
139, 229
139, 359
139, 169
139, 299
139, 239
139, 369
139, 179
139, 309
139, 249
139, 379
139, 189
139, 319
268, 388
268, 328
268, 398
268, 338
268, 278
268, 348
268, 288
268, 358
268, 298
268, 368
268, 308
268, 378
268, 318
12, 192
12, 322
12, 132
12, 262
12, 392
12, 72
12, 202
12, 332
12, 142
12, 272
12, 82
12, 212
12, 342
12, 22
12, 152
12, 282
12, 92
12, 222
12, 352
12, 32
12, 162
12, 292
12, 102
12, 232
12, 362
12, 42
12, 172
12, 302
12, 112
12, 242
12, 372
12, 52
12, 182
12, 312
12, 122
12, 252
12, 382
12, 62
140, 320
140, 260
140, 390
140, 200
140, 330
140, 270
140, 400
140, 210
140, 340
140, 150
140, 280
140, 220
140, 350
140, 160
140, 290
140, 230
140, 360
140, 170
140, 300
140, 240
140, 370
140, 180
140, 310
140, 250
140, 380
140, 190
269, 389
269, 329
269, 399
269, 339
269, 279
269, 349
269, 289
269, 359
269, 299
269, 369
269, 309
269, 379
269, 319
13, 193
13, 323
13, 133
13, 263
13, 393
13, 73
13, 203
13, 333
13, 143
13, 273
13, 83
13, 213
13, 343
13, 23
13, 153
13, 283
13, 93
13, 223
13, 353
13, 33
13, 163
13, 293
13, 103
13, 233
13, 363
13, 43
13, 173
13, 303
13, 113
13, 243
13, 373
13, 53
13, 183
13, 313
13, 123
13, 253
13, 383
13, 63
141, 321
141, 261
141, 391
141, 201
141, 331
141, 271
141, 211
141, 341
141, 151
141, 281
141, 221
141, 351
141, 161
141, 291
141, 231
141, 361
141, 171
141, 301
141, 241
141, 371
141, 181
141, 311
141, 251
141, 381
141, 191
270, 320
270, 390
270, 330
270, 400
270, 340
270, 280
270, 350
270, 290
270, 360
270, 300
270, 370
270, 310
270, 380
14, 384
14, 64
14, 194
14, 324
14, 134
14, 264
14, 394
14, 74
14, 204
14, 334
14, 144
14, 274
14, 84
14, 214
14, 344
14, 24
14, 154
14, 284
14, 94
14, 224
14, 354
14, 34
14, 164
14, 294
14, 104
14, 234
14, 364
14, 44
14, 174
14, 304
14, 114
14, 244
14, 374
14, 54
14, 184
14, 314
14, 124
14, 254
142, 192
142, 322
142, 262
142, 392
142, 202
142, 332
142, 272
142, 212
142, 342
142, 152
142, 282
142, 222
142, 352
142, 162
142, 292
142, 232
142, 362
142, 172
142, 302
142, 242
142, 372
142, 182
142, 312
142, 252
142, 382
271, 321
271, 391
271, 331
271, 341
271, 281
271, 351
271, 291
271, 361
271, 301
271, 371
271, 311
271, 381
15, 385
15, 65
15, 195
15, 325
15, 135
15, 265
15, 395
15, 75
15, 205
15, 335
15, 145
15, 275
15, 85
15, 215
15, 345
15, 25
15, 155
15, 285
15, 95
15, 225
15, 355
15, 35
15, 165
15, 295
15, 105
15, 235
15, 365
15, 45
15, 175
15, 305
15, 115
15, 245
15, 375
15, 55
15, 185
15, 315
15, 125
15, 255
143, 193
143, 323
143, 263
143, 393
143, 203
143, 333
143, 273
143, 213
143, 343
143, 153
143, 283
143, 223
143, 353
143, 163
143, 293
143, 233
143, 363
143, 173
143, 303
143, 243
143, 373
143, 183
143, 313
143, 253
143, 383
272, 322
272, 392
272, 332
272, 342
272, 282
272, 352
272, 292
272, 362
272, 302
272, 372
272, 312
272, 382
16, 256
16, 386
16, 66
16, 196
16, 326
16, 136
16, 266
16, 396
16, 76
16, 206
16, 336
16, 146
16, 276
16, 86
16, 216
16, 346
16, 26
16, 156
16, 286
16, 96
16, 226
16, 356
16, 36
16, 166
16, 296
16, 106
16, 236
16, 366
16, 46
16, 176
16, 306
16, 116
16, 246
16, 376
16, 56
16, 186
16, 316
16, 126
144, 384
144, 194
144, 324
144, 264
144, 394
144, 204
144, 334
144, 274
144, 214
144, 344
144, 154
144, 284
144, 224
144, 354
144, 164
144, 294
144, 234
144, 364
144, 174
144, 304
144, 244
144, 374
144, 184
144, 314
144, 254
273, 323
273, 393
273, 333
273, 343
273, 283
273, 353
273, 293
273, 363
273, 303
273, 373
273, 313
273, 383
17, 257
17, 387
17, 67
17, 197
17, 327
17, 137
17, 267
17, 397
17, 77
17, 207
17, 337
17, 147
17, 277
17, 87
17, 217
17, 347
17, 27
17, 157
17, 287
17, 97
17, 227
17, 357
17, 37
17, 167
17, 297
17, 107
17, 237
17, 367
17, 47
17, 177
17, 307
17, 117
17, 247
17, 377
17, 57
17, 187
17, 317
17, 127
145, 385
145, 195
145, 325
145, 265
145, 395
145, 205
145, 335
145, 275
145, 215
145, 345
145, 155
145, 285
145, 225
145, 355
145, 165
145, 295
145, 235
145, 365
145, 175
145, 305
145, 245
145, 375
145, 185
145, 315
145, 255
274, 384
274, 324
274, 394
274, 334
274, 344
274, 284
274, 354
274, 294
274, 364
274, 304
274, 374
274, 314
18, 128
18, 258
18, 388
18, 68
18, 198
18, 328
18, 138
18, 268
18, 398
18, 78
18, 208
18, 338
18, 148
18, 278
18, 88
18, 218
18, 348
18, 28
18, 158
18, 288
18, 98
18, 228
18, 358
18, 38
18, 168
18, 298
18, 108
18, 238
18, 368
18, 48
18, 178
18, 308
18, 118
18, 248
18, 378
18, 58
18, 188
18, 318
146, 256
146, 386
146, 196
146, 326
146, 266
146, 396
146, 206
146, 336
146, 276
146, 216
146, 346
146, 156
146, 286
146, 226
146, 356
146, 166
146, 296
146, 236
146, 366
146, 176
146, 306
146, 246
146, 376
146, 186
146, 316
275, 385
275, 325
275, 395
275, 335
275, 345
275, 285
275, 355
275, 295
275, 365
275, 305
275, 375
275, 315
19, 129
19, 259
19, 389
19, 69
19, 199
19, 329
19, 139
19, 269
19, 399
19, 79
19, 209
19, 339
19, 149
19, 279
19, 89
19, 219
19, 349
19, 29
19, 159
19, 289
19, 99
19, 229
19, 359
19, 39
19, 169
19, 299
19, 109
19, 239
19, 369
19, 49
19, 179
19, 309
19, 119
19, 249
19, 379
19, 59
19, 189
19, 319
147, 257
147, 387
147, 197
147, 327
147, 267
147, 397
147, 207
147, 337
147, 277
147, 217
147, 347
147, 157
147, 287
147, 227
147, 357
147, 167
147, 297
147, 237
147, 367
147, 177
147, 307
147, 247
147, 377
147, 187
147, 317
276, 386
276, 326
276, 396
276, 336
276, 346
276, 286
276, 356
276, 296
276, 366
276, 306
276, 376
276, 316
20, 320
20, 130
20, 260
20, 390
20, 70
20, 200
20, 330
20, 140
20, 270
20, 400
20, 80
20, 210
20, 340
20, 150
20, 280
20, 90
20, 220
20, 350
20, 30
20, 160
20, 290
20, 100
20, 230
20, 360
20, 40
20, 170
20, 300
20, 110
20, 240
20, 370
20, 50
20, 180
20, 310
20, 120
20, 250
20, 380
20, 60
20, 190
148, 258
148, 388
148, 198
148, 328
148, 268
148, 398
148, 208
148, 338
148, 278
148, 218
148, 348
148, 158
148, 288
148, 228
148, 358
148, 168
148, 298
148, 238
148, 368
148, 178
148, 308
148, 248
148, 378
148, 188
148, 318
277, 387
277, 327
277, 397
277, 337
277, 347
277, 287
277, 357
277, 297
277, 367
277, 307
277, 377
277, 317
21, 321
21, 131
21, 261
21, 391
21, 71
21, 201
21, 331
21, 141
21, 271
21, 81
21, 211
21, 341
21, 151
21, 281
21, 91
21, 221
21, 351
21, 31
21, 161
21, 291
21, 101
21, 231
21, 361
21, 41
21, 171
21, 301
21, 111
21, 241
21, 371
21, 51
21, 181
21, 311
21, 121
21, 251
21, 381
21, 61
21, 191
149, 259
149, 389
149, 199
149, 329
149, 269
149, 399
149, 209
149, 339
149, 279
149, 219
149, 349
149, 159
149, 289
149, 229
149, 359
149, 169
149, 299
149, 239
149, 369
149, 179
149, 309
149, 249
149, 379
149, 189
149, 319
278, 388
278, 328
278, 398
278, 338
278, 348
278, 288
278, 358
278, 298
278, 368
278, 308
278, 378
278, 318
22, 192
22, 322
22, 132
22, 262
22, 392
22, 72
22, 202
22, 332
22, 142
22, 272
22, 82
22, 212
22, 342
22, 152
22, 282
22, 92
22, 222
22, 352
22, 32
22, 162
22, 292
22, 102
22, 232
22, 362
22, 42
22, 172
22, 302
22, 112
22, 242
22, 372
22, 52
22, 182
22, 312
22, 122
22, 252
22, 382
22, 62
150, 320
150, 260
150, 390
150, 200
150, 330
150, 270
150, 400
150, 210
150, 340
150, 280
150, 220
150, 350
150, 160
150, 290
150, 230
150, 360
150, 170
150, 300
150, 240
150, 370
150, 180
150, 310
150, 250
150, 380
150, 190
279, 389
279, 329
279, 399
279, 339
279, 349
279, 289
279, 359
279, 299
279, 369
279, 309
279, 379
279, 319
23, 193
23, 323
23, 133
23, 263
23, 393
23, 73
23, 203
23, 333
23, 143
23, 273
23, 83
23, 213
23, 343
23, 153
23, 283
23, 93
23, 223
23, 353
23, 33
23, 163
23, 293
23, 103
23, 233
23, 363
23, 43
23, 173
23, 303
23, 113
23, 243
23, 373
23, 53
23, 183
23, 313
23, 123
23, 253
23, 383
23, 63
151, 321
151, 261
151, 391
151, 201
151, 331
151, 271
151, 211
151, 341
151, 281
151, 221
151, 351
151, 161
151, 291
151, 231
151, 361
151, 171
151, 301
151, 241
151, 371
151, 181
151, 311
151, 251
151, 381
151, 191
280, 320
280, 390
280, 330
280, 400
280, 340
280, 350
280, 290
280, 360
280, 300
280, 370
280, 310
280, 380
24, 384
24, 64
24, 194
24, 324
24, 134
24, 264
24, 394
24, 74
24, 204
24, 334
24, 144
24, 274
24, 84
24, 214
24, 344
24, 154
24, 284
24, 94
24, 224
24, 354
24, 34
24, 164
24, 294
24, 104
24, 234
24, 364
24, 44
24, 174
24, 304
24, 114
24, 244
24, 374
24, 54
24, 184
24, 314
24, 124
24, 254
152, 192
152, 322
152, 262
152, 392
152, 202
152, 332
152, 272
152, 212
152, 342
152, 282
152, 222
152, 352
152, 162
152, 292
152, 232
152, 362
152, 172
152, 302
152, 242
152, 372
152, 182
152, 312
152, 252
152, 382
281, 321
281, 391
281, 331
281, 341
281, 351
281, 291
281, 361
281, 301
281, 371
281, 311
281, 381
25, 385
25, 65
25, 195
25, 325
25, 135
25, 265
25, 395
25, 75
25, 205
25, 335
25, 145
25, 275
25, 85
25, 215
25, 345
25, 155
25, 285
25, 95
25, 225
25, 355
25, 35
25, 165
25, 295
25, 105
25, 235
25, 365
25, 45
25, 175
25, 305
25, 115
25, 245
25, 375
25, 55
25, 185
25, 315
25, 125
25, 255
153, 193
153, 323
153, 263
153, 393
153, 203
153, 333
153, 273
153, 213
153, 343
153, 283
153, 223
153, 353
153, 163
153, 293
153, 233
153, 363
153, 173
153, 303
153, 243
153, 373
153, 183
153, 313
153, 253
153, 383
282, 322
282, 392
282, 332
282, 342
282, 352
282, 292
282, 362
282, 302
282, 372
282, 312
282, 382
26, 256
26, 386
26, 66
26, 196
26, 326
26, 136
26, 266
26, 396
26, 76
26, 206
26, 336
26, 146
26, 276
26, 86
26, 216
26, 346
26, 156
26, 286
26, 96
26, 226
26, 356
26, 36
26, 166
26, 296
26, 106
26, 236
26, 366
26, 46
26, 176
26, 306
26, 116
26, 246
26, 376
26, 56
26, 186
26, 316
26, 126
154, 384
154, 194
154, 324
154, 264
154, 394
154, 204
154, 334
154, 274
154, 214
154, 344
154, 284
154, 224
154, 354
154, 164
154, 294
154, 234
154, 364
154, 174
154, 304
154, 244
154, 374
154, 184
154, 314
154, 254
283, 323
283, 393
283, 333
283, 343
283, 353
283, 293
283, 363
283, 303
283, 373
283, 313
283, 383
27, 257
27, 387
27, 67
27, 197
27, 327
27, 137
27, 267
27, 397
27, 77
27, 207
27, 337
27, 147
27, 277
27, 87
27, 217
27, 347
27, 157
27, 287
27, 97
27, 227
27, 357
27, 37
27, 167
27, 297
27, 107
27, 237
27, 367
27, 47
27, 177
27, 307
27, 117
27, 247
27, 377
27, 57
27, 187
27, 317
27, 127
155, 385
155, 195
155, 325
155, 265
155, 395
155, 205
155, 335
155, 275
155, 215
155, 345
155, 285
155, 225
155, 355
155, 165
155, 295
155, 235
155, 365
155, 175
155, 305
155, 245
155, 375
155, 185
155, 315
155, 255
284, 384
284, 324
284, 394
284, 334
284, 344
284, 354
284, 294
284, 364
284, 304
284, 374
284, 314
28, 128
28, 258
28, 388
28, 68
28, 198
28, 328
28, 138
28, 268
28, 398
28, 78
28, 208
28, 338
28, 148
28, 278
28, 88
28, 218
28, 348
28, 158
28, 288
28, 98
28, 228
28, 358
28, 38
28, 168
28, 298
28, 108
28, 238
28, 368
28, 48
28, 178
28, 308
28, 118
28, 248
28, 378
28, 58
28, 188
28, 318
156, 256
156, 386
156, 196
156, 326
156, 266
156, 396
156, 206
156, 336
156, 276
156, 216
156, 346
156, 286
156, 226
156, 356
156, 166
156, 296
156, 236
156, 366
156, 176
156, 306
156, 246
156, 376
156, 186
156, 316
285, 385
285, 325
285, 395
285, 335
285, 345
285, 355
285, 295
285, 365
285, 305
285, 375
285, 315
29, 129
29, 259
29, 389
29, 69
29, 199
29, 329
29, 139
29, 269
29, 399
29, 79
29, 209
29, 339
29, 149
29, 279
29, 89
29, 219
29, 349
29, 159
29, 289
29, 99
29, 229
29, 359
29, 39
29, 169
29, 299
29, 109
29, 239
29, 369
29, 49
29, 179
29, 309
29, 119
29, 249
29, 379
29, 59
29, 189
29, 319
157, 257
157, 387
157, 197
157, 327
157, 267
157, 397
157, 207
157, 337
157, 277
157, 217
157, 347
157, 287
157, 227
157, 357
157, 167
157, 297
157, 237
157, 367
157, 177
157, 307
157, 247
157, 377
157, 187
157, 317
286, 386
286, 326
286, 396
286, 336
286, 346
286, 356
286, 296
286, 366
286, 306
286, 376
286, 316
30, 320
30, 130
30, 260
30, 390
30, 70
30, 200
30, 330
30, 140
30, 270
30, 400
30, 80
30, 210
30, 340
30, 150
30, 280
30, 90
30, 220
30, 350
30, 160
30, 290
30, 100
30, 230
30, 360
30, 40
30, 170
30, 300
30, 110
30, 240
30, 370
30, 50
30, 180
30, 310
30, 120
30, 250
30, 380
30, 60
30, 190
158, 258
158, 388
158, 198
158, 328
158, 268
158, 398
158, 208
158, 338
158, 278
158, 218
158, 348
158, 288
158, 228
158, 358
158, 168
158, 298
158, 238
158, 368
158, 178
158, 308
158, 248
158, 378
158, 188
158, 318
287, 387
287, 327
287, 397
287, 337
287, 347
287, 357
287, 297
287, 367
287, 307
287, 377
287, 317
31, 321
31, 131
31, 261
31, 391
31, 71
31, 201
31, 331
31, 141
31, 271
31, 81
31, 211
31, 341
31, 151
31, 281
31, 91
31, 221
31, 351
31, 161
31, 291
31, 101
31, 231
31, 361
31, 41
31, 171
31, 301
31, 111
31, 241
31, 371
31, 51
31, 181
31, 311
31, 121
31, 251
31, 381
31, 61
31, 191
159, 259
159, 389
159, 199
159, 329
159, 269
159, 399
159, 209
159, 339
159, 279
159, 219
159, 349
159, 289
159, 229
159, 359
159, 169
159, 299
159, 239
159, 369
159, 179
159, 309
159, 249
159, 379
159, 189
159, 319
288, 388
288, 328
288, 398
288, 338
288, 348
288, 358
288, 298
288, 368
288, 308
288, 378
288, 318
32, 192
32, 322
32, 132
32, 262
32, 392
32, 72
32, 202
32, 332
32, 142
32, 272
32, 82
32, 212
32, 342
32, 152
32, 282
32, 92
32, 222
32, 352
32, 162
32, 292
32, 102
32, 232
32, 362
32, 42
32, 172
32, 302
32, 112
32, 242
32, 372
32, 52
32, 182
32, 312
32, 122
32, 252
32, 382
32, 62
160, 320
160, 260
160, 390
160, 200
160, 330
160, 270
160, 400
160, 210
160, 340
160, 280
160, 220
160, 350
160, 290
160, 230
160, 360
160, 170
160, 300
160, 240
160, 370
160, 180
160, 310
160, 250
160, 380
160, 190
289, 389
289, 329
289, 399
289, 339
289, 349
289, 359
289, 299
289, 369
289, 309
289, 379
289, 319
33, 193
33, 323
33, 133
33, 263
33, 393
33, 73
33, 203
33, 333
33, 143
33, 273
33, 83
33, 213
33, 343
33, 153
33, 283
33, 93
33, 223
33, 353
33, 163
33, 293
33, 103
33, 233
33, 363
33, 43
33, 173
33, 303
33, 113
33, 243
33, 373
33, 53
33, 183
33, 313
33, 123
33, 253
33, 383
33, 63
161, 321
161, 261
161, 391
161, 201
161, 331
161, 271
161, 211
161, 341
161, 281
161, 221
161, 351
161, 291
161, 231
161, 361
161, 171
161, 301
161, 241
161, 371
161, 181
161, 311
161, 251
161, 381
161, 191
290, 320
290, 390
290, 330
290, 400
290, 340
290, 350
290, 360
290, 300
290, 370
290, 310
290, 380
34, 384
34, 64
34, 194
34, 324
34, 134
34, 264
34, 394
34, 74
34, 204
34, 334
34, 144
34, 274
34, 84
34, 214
34, 344
34, 154
34, 284
34, 94
34, 224
34, 354
34, 164
34, 294
34, 104
34, 234
34, 364
34, 44
34, 174
34, 304
34, 114
34, 244
34, 374
34, 54
34, 184
34, 314
34, 124
34, 254
162, 192
162, 322
162, 262
162, 392
162, 202
162, 332
162, 272
162, 212
162, 342
162, 282
162, 222
162, 352
162, 292
162, 232
162, 362
162, 172
162, 302
162, 242
162, 372
162, 182
162, 312
162, 252
162, 382
291, 321
291, 391
291, 331
291, 341
291, 351
291, 361
291, 301
291, 371
291, 311
291, 381
35, 385
35, 65
35, 195
35, 325
35, 135
35, 265
35, 395
35, 75
35, 205
35, 335
35, 145
35, 275
35, 85
35, 215
35, 345
35, 155
35, 285
35, 95
35, 225
35, 355
35, 165
35, 295
35, 105
35, 235
35, 365
35, 45
35, 175
35, 305
35, 115
35, 245
35, 375
35, 55
35, 185
35, 315
35, 125
35, 255
163, 193
163, 323
163, 263
163, 393
163, 203
163, 333
163, 273
163, 213
163, 343
163, 283
163, 223
163, 353
163, 293
163, 233
163, 363
163, 173
163, 303
163, 243
163, 373
163, 183
163, 313
163, 253
163, 383
292, 322
292, 392
292, 332
292, 342
292, 352
292, 362
292, 302
292, 372
292, 312
292, 382
36, 256
36, 386
36, 66
36, 196
36, 326
36, 136
36, 266
36, 396
36, 76
36, 206
36, 336
36, 146
36, 276
36, 86
36, 216
36, 346
36, 156
36, 286
36, 96
36, 226
36, 356
36, 166
36, 296
36, 106
36, 236
36, 366
36, 46
36, 176
36, 306
36, 116
36, 246
36, 376
36, 56
36, 186
36, 316
36, 126
164, 384
164, 194
164, 324
164, 264
164, 394
164, 204
164, 334
164, 274
164, 214
164, 344
164, 284
164, 224
164, 354
164, 294
164, 234
164, 364
164, 174
164, 304
164, 244
164, 374
164, 184
164, 314
164, 254
293, 323
293, 393
293, 333
293, 343
293, 353
293, 363
293, 303
293, 373
293, 313
293, 383
37, 257
37, 387
37, 67
37, 197
37, 327
37, 137
37, 267
37, 397
37, 77
37, 207
37, 337
37, 147
37, 277
37, 87
37, 217
37, 347
37, 157
37, 287
37, 97
37, 227
37, 357
37, 167
37, 297
37, 107
37, 237
37, 367
37, 47
37, 177
37, 307
37, 117
37, 247
37, 377
37, 57
37, 187
37, 317
37, 127
165, 385
165, 195
165, 325
165, 265
165, 395
165, 205
165, 335
165, 275
165, 215
165, 345
165, 285
165, 225
165, 355
165, 295
165, 235
165, 365
165, 175
165, 305
165, 245
165, 375
165, 185
165, 315
165, 255
294, 384
294, 324
294, 394
294, 334
294, 344
294, 354
294, 364
294, 304
294, 374
294, 314
38, 128
38, 258
38, 388
38, 68
38, 198
38, 328
38, 138
38, 268
38, 398
38, 78
38, 208
38, 338
38, 148
38, 278
38, 88
38, 218
38, 348
38, 158
38, 288
38, 98
38, 228
38, 358
38, 168
38, 298
38, 108
38, 238
38, 368
38, 48
38, 178
38, 308
38, 118
38, 248
38, 378
38, 58
38, 188
38, 318
166, 256
166, 386
166, 196
166, 326
166, 266
166, 396
166, 206
166, 336
166, 276
166, 216
166, 346
166, 286
166, 226
166, 356
166, 296
166, 236
166, 366
166, 176
166, 306
166, 246
166, 376
166, 186
166, 316
295, 385
295, 325
295, 395
295, 335
295, 345
295, 355
295, 365
295, 305
295, 375
295, 315
39, 129
39, 259
39, 389
39, 69
39, 199
39, 329
39, 139
39, 269
39, 399
39, 79
39, 209
39, 339
39, 149
39, 279
39, 89
39, 219
39, 349
39, 159
39, 289
39, 99
39, 229
39, 359
39, 169
39, 299
39, 109
39, 239
39, 369
39, 49
39, 179
39, 309
39, 119
39, 249
39, 379
39, 59
39, 189
39, 319
167, 257
167, 387
167, 197
167, 327
167, 267
167, 397
167, 207
167, 337
167, 277
167, 217
167, 347
167, 287
167, 227
167, 357
167, 297
167, 237
167, 367
167, 177
167, 307
167, 247
167, 377
167, 187
167, 317
296, 386
296, 326
296, 396
296, 336
296, 346
296, 356
296, 366
296, 306
296, 376
296, 316
40, 320
40, 130
40, 260
40, 390
40, 70
40, 200
40, 330
40, 140
40, 270
40, 400
40, 80
40, 210
40, 340
40, 150
40, 280
40, 90
40, 220
40, 350
40, 160
40, 290
40, 100
40, 230
40, 360
40, 170
40, 300
40, 110
40, 240
40, 370
40, 50
40, 180
40, 310
40, 120
40, 250
40, 380
40, 60
40, 190
168, 258
168, 388
168, 198
168, 328
168, 268
168, 398
168, 208
168, 338
168, 278
168, 218
168, 348
168, 288
168, 228
168, 358
168, 298
168, 238
168, 368
168, 178
168, 308
168, 248
168, 378
168, 188
168, 318
297, 387
297, 327
297, 397
297, 337
297, 347
297, 357
297, 367
297, 307
297, 377
297, 317
41, 321
41, 131
41, 261
41, 391
41, 71
41, 201
41, 331
41, 141
41, 271
41, 81
41, 211
41, 341
41, 151
41, 281
41, 91
41, 221
41, 351
41, 161
41, 291
41, 101
41, 231
41, 361
41, 171
41, 301
41, 111
41, 241
41, 371
41, 51
41, 181
41, 311
41, 121
41, 251
41, 381
41, 61
41, 191
169, 259
169, 389
169, 199
169, 329
169, 269
169, 399
169, 209
169, 339
169, 279
169, 219
169, 349
169, 289
169, 229
169, 359
169, 299
169, 239
169, 369
169, 179
169, 309
169, 249
169, 379
169, 189
169, 319
298, 388
298, 328
298, 398
298, 338
298, 348
298, 358
298, 368
298, 308
298, 378
298, 318
42, 192
42, 322
42, 132
42, 262
42, 392
42, 72
42, 202
42, 332
42, 142
42, 272
42, 82
42, 212
42, 342
42, 152
42, 282
42, 92
42, 222
42, 352
42, 162
42, 292
42, 102
42, 232
42, 362
42, 172
42, 302
42, 112
42, 242
42, 372
42, 52
42, 182
42, 312
42, 122
42, 252
42, 382
42, 62
170, 320
170, 260
170, 390
170, 200
170, 330
170, 270
170, 400
170, 210
170, 340
170, 280
170, 220
170, 350
170, 290
170, 230
170, 360
170, 300
170, 240
170, 370
170, 180
170, 310
170, 250
170, 380
170, 190
299, 389
299, 329
299, 399
299, 339
299, 349
299, 359
299, 369
299, 309
299, 379
299, 319
43, 193
43, 323
43, 133
43, 263
43, 393
43, 73
43, 203
43, 333
43, 143
43, 273
43, 83
43, 213
43, 343
43, 153
43, 283
43, 93
43, 223
43, 353
43, 163
43, 293
43, 103
43, 233
43, 363
43, 173
43, 303
43, 113
43, 243
43, 373
43, 53
43, 183
43, 313
43, 123
43, 253
43, 383
43, 63
171, 321
171, 261
171, 391
171, 201
171, 331
171, 271
171, 211
171, 341
171, 281
171, 221
171, 351
171, 291
171, 231
171, 361
171, 301
171, 241
171, 371
171, 181
171, 311
171, 251
171, 381
171, 191
300, 320
300, 390
300, 330
300, 400
300, 340
300, 350
300, 360
300, 370
300, 310
300, 380
44, 384
44, 64
44, 194
44, 324
44, 134
44, 264
44, 394
44, 74
44, 204
44, 334
44, 144
44, 274
44, 84
44, 214
44, 344
44, 154
44, 284
44, 94
44, 224
44, 354
44, 164
44, 294
44, 104
44, 234
44, 364
44, 174
44, 304
44, 114
44, 244
44, 374
44, 54
44, 184
44, 314
44, 124
44, 254
172, 192
172, 322
172, 262
172, 392
172, 202
172, 332
172, 272
172, 212
172, 342
172, 282
172, 222
172, 352
172, 292
172, 232
172, 362
172, 302
172, 242
172, 372
172, 182
172, 312
172, 252
172, 382
301, 321
301, 391
301, 331
301, 341
301, 351
301, 361
301, 371
301, 311
301, 381
45, 385
45, 65
45, 195
45, 325
45, 135
45, 265
45, 395
45, 75
45, 205
45, 335
45, 145
45, 275
45, 85
45, 215
45, 345
45, 155
45, 285
45, 95
45, 225
45, 355
45, 165
45, 295
45, 105
45, 235
45, 365
45, 175
45, 305
45, 115
45, 245
45, 375
45, 55
45, 185
45, 315
45, 125
45, 255
173, 193
173, 323
173, 263
173, 393
173, 203
173, 333
173, 273
173, 213
173, 343
173, 283
173, 223
173, 353
173, 293
173, 233
173, 363
173, 303
173, 243
173, 373
173, 183
173, 313
173, 253
173, 383
302, 322
302, 392
302, 332
302, 342
302, 352
302, 362
302, 372
302, 312
302, 382
46, 256
46, 386
46, 66
46, 196
46, 326
46, 136
46, 266
46, 396
46, 76
46, 206
46, 336
46, 146
46, 276
46, 86
46, 216
46, 346
46, 156
46, 286
46, 96
46, 226
46, 356
46, 166
46, 296
46, 106
46, 236
46, 366
46, 176
46, 306
46, 116
46, 246
46, 376
46, 56
46, 186
46, 316
46, 126
174, 384
174, 194
174, 324
174, 264
174, 394
174, 204
174, 334
174, 274
174, 214
174, 344
174, 284
174, 224
174, 354
174, 294
174, 234
174, 364
174, 304
174, 244
174, 374
174, 184
174, 314
174, 254
303, 323
303, 393
303, 333
303, 343
303, 353
303, 363
303, 373
303, 313
303, 383
47, 257
47, 387
47, 67
47, 197
47, 327
47, 137
47, 267
47, 397
47, 77
47, 207
47, 337
47, 147
47, 277
47, 87
47, 217
47, 347
47, 157
47, 287
47, 97
47, 227
47, 357
47, 167
47, 297
47, 107
47, 237
47, 367
47, 177
47, 307
47, 117
47, 247
47, 377
47, 57
47, 187
47, 317
47, 127
175, 385
175, 195
175, 325
175, 265
175, 395
175, 205
175, 335
175, 275
175, 215
175, 345
175, 285
175, 225
175, 355
175, 295
175, 235
175, 365
175, 305
175, 245
175, 375
175, 185
175, 315
175, 255
304, 384
304, 324
304, 394
304, 334
304, 344
304, 354
304, 364
304, 374
304, 314
48, 128
48, 258
48, 388
48, 68
48, 198
48, 328
48, 138
48, 268
48, 398
48, 78
48, 208
48, 338
48, 148
48, 278
48, 88
48, 218
48, 348
48, 158
48, 288
48, 98
48, 228
48, 358
48, 168
48, 298
48, 108
48, 238
48, 368
48, 178
48, 308
48, 118
48, 248
48, 378
48, 58
48, 188
48, 318
176, 256
176, 386
176, 196
176, 326
176, 266
176, 396
176, 206
176, 336
176, 276
176, 216
176, 346
176, 286
176, 226
176, 356
176, 296
176, 236
176, 366
176, 306
176, 246
176, 376
176, 186
176, 316
305, 385
305, 325
305, 395
305, 335
305, 345
305, 355
305, 365
305, 375
305, 315
49, 129
49, 259
49, 389
49, 69
49, 199
49, 329
49, 139
49, 269
49, 399
49, 79
49, 209
49, 339
49, 149
49, 279
49, 89
49, 219
49, 349
49, 159
49, 289
49, 99
49, 229
49, 359
49, 169
49, 299
49, 109
49, 239
49, 369
49, 179
49, 309
49, 119
49, 249
49, 379
49, 59
49, 189
49, 319
177, 257
177, 387
177, 197
177, 327
177, 267
177, 397
177, 207
177, 337
177, 277
177, 217
177, 347
177, 287
177, 227
177, 357
177, 297
177, 237
177, 367
177, 307
177, 247
177, 377
177, 187
177, 317
306, 386
306, 326
306, 396
306, 336
306, 346
306, 356
306, 366
306, 376
306, 316
50, 320
50, 130
50, 260
50, 390
50, 70
50, 200
50, 330
50, 140
50, 270
50, 400
50, 80
50, 210
50, 340
50, 150
50, 280
50, 90
50, 220
50, 350
50, 160
50, 290
50, 100
50, 230
50, 360
50, 170
50, 300
50, 110
50, 240
50, 370
50, 180
50, 310
50, 120
50, 250
50, 380
50, 60
50, 190
178, 258
178, 388
178, 198
178, 328
178, 268
178, 398
178, 208
178, 338
178, 278
178, 218
178, 348
178, 288
178, 228
178, 358
178, 298
178, 238
178, 368
178, 308
178, 248
178, 378
178, 188
178, 318
307, 387
307, 327
307, 397
307, 337
307, 347
307, 357
307, 367
307, 377
307, 317
51, 321
51, 131
51, 261
51, 391
51, 71
51, 201
51, 331
51, 141
51, 271
51, 81
51, 211
51, 341
51, 151
51, 281
51, 91
51, 221
51, 351
51, 161
51, 291
51, 101
51, 231
51, 361
51, 171
51, 301
51, 111
51, 241
51, 371
51, 181
51, 311
51, 121
51, 251
51, 381
51, 61
51, 191
179, 259
179, 389
179, 199
179, 329
179, 269
179, 399
179, 209
179, 339
179, 279
179, 219
179, 349
179, 289
179, 229
179, 359
179, 299
179, 239
179, 369
179, 309
179, 249
179, 379
179, 189
179, 319
308, 388
308, 328
308, 398
308, 338
308, 348
308, 358
308, 368
308, 378
308, 318
52, 192
52, 322
52, 132
52, 262
52, 392
52, 72
52, 202
52, 332
52, 142
52, 272
52, 82
52, 212
52, 342
52, 152
52, 282
52, 92
52, 222
52, 352
52, 162
52, 292
52, 102
52, 232
52, 362
52, 172
52, 302
52, 112
52, 242
52, 372
52, 182
52, 312
52, 122
52, 252
52, 382
52, 62
180, 320
180, 260
180, 390
180, 200
180, 330
180, 270
180, 400
180, 210
180, 340
180, 280
180, 220
180, 350
180, 290
180, 230
180, 360
180, 300
180, 240
180, 370
180, 310
180, 250
180, 380
180, 190
309, 389
309, 329
309, 399
309, 339
309, 349
309, 359
309, 369
309, 379
309, 319
53, 193
53, 323
53, 133
53, 263
53, 393
53, 73
53, 203
53, 333
53, 143
53, 273
53, 83
53, 213
53, 343
53, 153
53, 283
53, 93
53, 223
53, 353
53, 163
53, 293
53, 103
53, 233
53, 363
53, 173
53, 303
53, 113
53, 243
53, 373
53, 183
53, 313
53, 123
53, 253
53, 383
53, 63
181, 321
181, 261
181, 391
181, 201
181, 331
181, 271
181, 211
181, 341
181, 281
181, 221
181, 351
181, 291
181, 231
181, 361
181, 301
181, 241
181, 371
181, 311
181, 251
181, 381
181, 191
310, 320
310, 390
310, 330
310, 400
310, 340
310, 350
310, 360
310, 370
310, 380
54, 384
54, 64
54, 194
54, 324
54, 134
54, 264
54, 394
54, 74
54, 204
54, 334
54, 144
54, 274
54, 84
54, 214
54, 344
54, 154
54, 284
54, 94
54, 224
54, 354
54, 164
54, 294
54, 104
54, 234
54, 364
54, 174
54, 304
54, 114
54, 244
54, 374
54, 184
54, 314
54, 124
54, 254
182, 192
182, 322
182, 262
182, 392
182, 202
182, 332
182, 272
182, 212
182, 342
182, 282
182, 222
182, 352
182, 292
182, 232
182, 362
182, 302
182, 242
182, 372
182, 312
182, 252
182, 382
311, 391
311, 381
311, 371
311, 361
311, 351
311, 341
311, 331
311, 321
55, 385
55, 65
55, 195
55, 325
55, 135
55, 265
55, 395
55, 75
55, 205
55, 335
55, 145
55, 275
55, 85
55, 215
55, 345
55, 155
55, 285
55, 95
55, 225
55, 355
55, 165
55, 295
55, 105
55, 235
55, 365
55, 175
55, 305
55, 115
55, 245
55, 375
55, 185
55, 315
55, 125
55, 255
183, 193
183, 323
183, 263
183, 393
183, 203
183, 333
183, 273
183, 213
183, 343
183, 283
183, 223
183, 353
183, 293
183, 233
183, 363
183, 303
183, 243
183, 373
183, 313
183, 253
183, 383
312, 392
312, 382
312, 372
312, 362
312, 352
312, 342
312, 332
312, 322
56, 256
56, 386
56, 66
56, 196
56, 326
56, 136
56, 266
56, 396
56, 76
56, 206
56, 336
56, 146
56, 276
56, 86
56, 216
56, 346
56, 156
56, 286
56, 96
56, 226
56, 356
56, 166
56, 296
56, 106
56, 236
56, 366
56, 176
56, 306
56, 116
56, 246
56, 376
56, 186
56, 316
56, 126
184, 384
184, 194
184, 324
184, 264
184, 394
184, 204
184, 334
184, 274
184, 214
184, 344
184, 284
184, 224
184, 354
184, 294
184, 234
184, 364
184, 304
184, 244
184, 374
184, 314
184, 254
313, 393
313, 383
313, 373
313, 363
313, 353
313, 343
313, 333
313, 323
57, 257
57, 387
57, 67
57, 197
57, 327
57, 137
57, 267
57, 397
57, 77
57, 207
57, 337
57, 147
57, 277
57, 87
57, 217
57, 347
57, 157
57, 287
57, 97
57, 227
57, 357
57, 167
57, 297
57, 107
57, 237
57, 367
57, 177
57, 307
57, 117
57, 247
57, 377
57, 187
57, 317
57, 127
185, 385
185, 195
185, 325
185, 265
185, 395
185, 205
185, 335
185, 275
185, 215
185, 345
185, 285
185, 225
185, 355
185, 295
185, 235
185, 365
185, 305
185, 245
185, 375
185, 315
185, 255
314, 394
314, 384
314, 374
314, 364
314, 354
314, 344
314, 334
314, 324
58, 128
58, 258
58, 388
58, 68
58, 198
58, 328
58, 138
58, 268
58, 398
58, 78
58, 208
58, 338
58, 148
58, 278
58, 88
58, 218
58, 348
58, 158
58, 288
58, 98
58, 228
58, 358
58, 168
58, 298
58, 108
58, 238
58, 368
58, 178
58, 308
58, 118
58, 248
58, 378
58, 188
58, 318
186, 256
186, 386
186, 196
186, 326
186, 266
186, 396
186, 206
186, 336
186, 276
186, 216
186, 346
186, 286
186, 226
186, 356
186, 296
186, 236
186, 366
186, 306
186, 246
186, 376
186, 316
315, 395
315, 385
315, 375
315, 365
315, 355
315, 345
315, 335
315, 325
59, 129
59, 259
59, 389
59, 69
59, 199
59, 329
59, 139
59, 269
59, 399
59, 79
59, 209
59, 339
59, 149
59, 279
59, 89
59, 219
59, 349
59, 159
59, 289
59, 99
59, 229
59, 359
59, 169
59, 299
59, 109
59, 239
59, 369
59, 179
59, 309
59, 119
59, 249
59, 379
59, 189
59, 319
187, 257
187, 387
187, 197
187, 327
187, 267
187, 397
187, 207
187, 337
187, 277
187, 217
187, 347
187, 287
187, 227
187, 357
187, 297
187, 237
187, 367
187, 307
187, 247
187, 377
187, 317
316, 396
316, 386
316, 376
316, 366
316, 356
316, 346
316, 336
316, 326
60, 320
60, 130
60, 260
60, 390
60, 70
60, 200
60, 330
60, 140
60, 270
60, 400
60, 80
60, 210
60, 340
60, 150
60, 280
60, 90
60, 220
60, 350
60, 160
60, 290
60, 100
60, 230
60, 360
60, 170
60, 300
60, 110
60, 240
60, 370
60, 180
60, 310
60, 120
60, 250
60, 380
60, 190
188, 258
188, 388
188, 198
188, 328
188, 268
188, 398
188, 208
188, 338
188, 278
188, 218
188, 348
188, 288
188, 228
188, 358
188, 298
188, 238
188, 368
188, 308
188, 248
188, 378
188, 318
317, 397
317, 387
317, 377
317, 367
317, 357
317, 347
317, 337
317, 327
61, 321
61, 131
61, 261
61, 391
61, 71
61, 201
61, 331
61, 141
61, 271
61, 81
61, 211
61, 341
61, 151
61, 281
61, 91
61, 221
61, 351
61, 161
61, 291
61, 101
61, 231
61, 361
61, 171
61, 301
61, 111
61, 241
61, 371
61, 181
61, 311
61, 121
61, 251
61, 381
61, 191
189, 259
189, 389
189, 199
189, 329
189, 269
189, 399
189, 209
189, 339
189, 279
189, 219
189, 349
189, 289
189, 229
189, 359
189, 299
189, 239
189, 369
189, 309
189, 249
189, 379
189, 319
318, 398
318, 388
318, 378
318, 368
318, 358
318, 348
318, 338
318, 328
62, 192
62, 322
62, 132
62, 262
62, 392
62, 72
62, 202
62, 332
62, 142
62, 272
62, 82
62, 212
62, 342
62, 152
62, 282
62, 92
62, 222
62, 352
62, 162
62, 292
62, 102
62, 232
62, 362
62, 172
62, 302
62, 112
62, 242
62, 372
62, 182
62, 312
62, 122
62, 252
62, 382
190, 320
190, 260
190, 390
190, 200
190, 330
190, 270
190, 400
190, 210
190, 340
190, 280
190, 220
190, 350
190, 290
190, 230
190, 360
190, 300
190, 240
190, 370
190, 310
190, 250
190, 380
319, 399
319, 389
319, 379
319, 369
319, 359
319, 349
319, 339
319, 329
63, 193
63, 323
63, 133
63, 263
63, 393
63, 73
63, 203
63, 333
63, 143
63, 273
63, 83
63, 213
63, 343
63, 153
63, 283
63, 93
63, 223
63, 353
63, 163
63, 293
63, 103
63, 233
63, 363
63, 173
63, 303
63, 113
63, 243
63, 373
63, 183
63, 313
63, 123
63, 253
63, 383
191, 321
191, 261
191, 391
191, 201
191, 331
191, 271
191, 211
191, 341
191, 281
191, 221
191, 351
191, 291
191, 231
191, 361
191, 301
191, 241
191, 371
191, 311
191, 251
191, 381
320, 400
320, 390
320, 380
320, 370
320, 360
320, 350
320, 340
320, 330
64, 384
64, 194
64, 324
64, 134
64, 264
64, 394
64, 74
64, 204
64, 334
64, 144
64, 274
64, 84
64, 214
64, 344
64, 154
64, 284
64, 94
64, 224
64, 354
64, 164
64, 294
64, 104
64, 234
64, 364
64, 174
64, 304
64, 114
64, 244
64, 374
64, 184
64, 314
64, 124
64, 254
192, 322
192, 262
192, 392
192, 202
192, 332
192, 272
192, 212
192, 342
192, 282
192, 222
192, 352
192, 292
192, 232
192, 362
192, 302
192, 242
192, 372
192, 312
192, 252
192, 382
321, 391
321, 381
321, 371
321, 361
321, 351
321, 341
321, 331
65, 385
65, 195
65, 325
65, 135
65, 265
65, 395
65, 75
65, 205
65, 335
65, 145
65, 275
65, 85
65, 215
65, 345
65, 155
65, 285
65, 95
65, 225
65, 355
65, 165
65, 295
65, 105
65, 235
65, 365
65, 175
65, 305
65, 115
65, 245
65, 375
65, 185
65, 315
65, 125
65, 255
193, 323
193, 263
193, 393
193, 203
193, 333
193, 273
193, 213
193, 343
193, 283
193, 223
193, 353
193, 293
193, 233
193, 363
193, 303
193, 243
193, 373
193, 313
193, 253
193, 383
322, 392
322, 382
322, 372
322, 362
322, 352
322, 342
322, 332
66, 256
66, 386
66, 196
66, 326
66, 136
66, 266
66, 396
66, 76
66, 206
66, 336
66, 146
66, 276
66, 86
66, 216
66, 346
66, 156
66, 286
66, 96
66, 226
66, 356
66, 166
66, 296
66, 106
66, 236
66, 366
66, 176
66, 306
66, 116
66, 246
66, 376
66, 186
66, 316
66, 126
194, 384
194, 324
194, 264
194, 394
194, 204
194, 334
194, 274
194, 214
194, 344
194, 284
194, 224
194, 354
194, 294
194, 234
194, 364
194, 304
194, 244
194, 374
194, 314
194, 254
323, 393
323, 383
323, 373
323, 363
323, 353
323, 343
323, 333
67, 257
67, 387
67, 197
67, 327
67, 137
67, 267
67, 397
67, 77
67, 207
67, 337
67, 147
67, 277
67, 87
67, 217
67, 347
67, 157
67, 287
67, 97
67, 227
67, 357
67, 167
67, 297
67, 107
67, 237
67, 367
67, 177
67, 307
67, 117
67, 247
67, 377
67, 187
67, 317
67, 127
195, 385
195, 325
195, 265
195, 395
195, 205
195, 335
195, 275
195, 215
195, 345
195, 285
195, 225
195, 355
195, 295
195, 235
195, 365
195, 305
195, 245
195, 375
195, 315
195, 255
324, 394
324, 384
324, 374
324, 364
324, 354
324, 344
324, 334
68, 128
68, 258
68, 388
68, 198
68, 328
68, 138
68, 268
68, 398
68, 78
68, 208
68, 338
68, 148
68, 278
68, 88
68, 218
68, 348
68, 158
68, 288
68, 98
68, 228
68, 358
68, 168
68, 298
68, 108
68, 238
68, 368
68, 178
68, 308
68, 118
68, 248
68, 378
68, 188
68, 318
196, 256
196, 386
196, 326
196, 266
196, 396
196, 206
196, 336
196, 276
196, 216
196, 346
196, 286
196, 226
196, 356
196, 296
196, 236
196, 366
196, 306
196, 246
196, 376
196, 316
325, 395
325, 385
325, 375
325, 365
325, 355
325, 345
325, 335
69, 129
69, 259
69, 389
69, 199
69, 329
69, 139
69, 269
69, 399
69, 79
69, 209
69, 339
69, 149
69, 279
69, 89
69, 219
69, 349
69, 159
69, 289
69, 99
69, 229
69, 359
69, 169
69, 299
69, 109
69, 239
69, 369
69, 179
69, 309
69, 119
69, 249
69, 379
69, 189
69, 319
197, 257
197, 387
197, 327
197, 267
197, 397
197, 207
197, 337
197, 277
197, 217
197, 347
197, 287
197, 227
197, 357
197, 297
197, 237
197, 367
197, 307
197, 247
197, 377
197, 317
326, 396
326, 386
326, 376
326, 366
326, 356
326, 346
326, 336
70, 320
70, 130
70, 260
70, 390
70, 200
70, 330
70, 140
70, 270
70, 400
70, 80
70, 210
70, 340
70, 150
70, 280
70, 90
70, 220
70, 350
70, 160
70, 290
70, 100
70, 230
70, 360
70, 170
70, 300
70, 110
70, 240
70, 370
70, 180
70, 310
70, 120
70, 250
70, 380
70, 190
198, 258
198, 388
198, 328
198, 268
198, 398
198, 208
198, 338
198, 278
198, 218
198, 348
198, 288
198, 228
198, 358
198, 298
198, 238
198, 368
198, 308
198, 248
198, 378
198, 318
327, 397
327, 387
327, 377
327, 367
327, 357
327, 347
327, 337
71, 321
71, 131
71, 261
71, 391
71, 201
71, 331
71, 141
71, 271
71, 81
71, 211
71, 341
71, 151
71, 281
71, 91
71, 221
71, 351
71, 161
71, 291
71, 101
71, 231
71, 361
71, 171
71, 301
71, 111
71, 241
71, 371
71, 181
71, 311
71, 121
71, 251
71, 381
71, 191
199, 259
199, 389
199, 329
199, 269
199, 399
199, 209
199, 339
199, 279
199, 219
199, 349
199, 289
199, 229
199, 359
199, 299
199, 239
199, 369
199, 309
199, 249
199, 379
199, 319
328, 398
328, 388
328, 378
328, 368
328, 358
328, 348
328, 338
72, 192
72, 322
72, 132
72, 262
72, 392
72, 202
72, 332
72, 142
72, 272
72, 82
72, 212
72, 342
72, 152
72, 282
72, 92
72, 222
72, 352
72, 162
72, 292
72, 102
72, 232
72, 362
72, 172
72, 302
72, 112
72, 242
72, 372
72, 182
72, 312
72, 122
72, 252
72, 382
200, 320
200, 260
200, 390
200, 330
200, 270
200, 400
200, 210
200, 340
200, 280
200, 220
200, 350
200, 290
200, 230
200, 360
200, 300
200, 240
200, 370
200, 310
200, 250
200, 380
329, 399
329, 389
329, 379
329, 369
329, 359
329, 349
329, 339
73, 193
73, 323
73, 133
73, 263
73, 393
73, 203
73, 333
73, 143
73, 273
73, 83
73, 213
73, 343
73, 153
73, 283
73, 93
73, 223
73, 353
73, 163
73, 293
73, 103
73, 233
73, 363
73, 173
73, 303
73, 113
73, 243
73, 373
73, 183
73, 313
73, 123
73, 253
73, 383
201, 321
201, 261
201, 391
201, 331
201, 271
201, 211
201, 341
201, 281
201, 221
201, 351
201, 291
201, 231
201, 361
201, 301
201, 241
201, 371
201, 311
201, 251
201, 381
330, 400
330, 390
330, 380
330, 370
330, 360
330, 350
330, 340
74, 384
74, 194
74, 324
74, 134
74, 264
74, 394
74, 204
74, 334
74, 144
74, 274
74, 84
74, 214
74, 344
74, 154
74, 284
74, 94
74, 224
74, 354
74, 164
74, 294
74, 104
74, 234
74, 364
74, 174
74, 304
74, 114
74, 244
74, 374
74, 184
74, 314
74, 124
74, 254
202, 322
202, 262
202, 392
202, 332
202, 272
202, 212
202, 342
202, 282
202, 222
202, 352
202, 292
202, 232
202, 362
202, 302
202, 242
202, 372
202, 312
202, 252
202, 382
331, 391
331, 381
331, 371
331, 361
331, 351
331, 341
75, 385
75, 195
75, 325
75, 135
75, 265
75, 395
75, 205
75, 335
75, 145
75, 275
75, 85
75, 215
75, 345
75, 155
75, 285
75, 95
75, 225
75, 355
75, 165
75, 295
75, 105
75, 235
75, 365
75, 175
75, 305
75, 115
75, 245
75, 375
75, 185
75, 315
75, 125
75, 255
203, 323
203, 263
203, 393
203, 333
203, 273
203, 213
203, 343
203, 283
203, 223
203, 353
203, 293
203, 233
203, 363
203, 303
203, 243
203, 373
203, 313
203, 253
203, 383
332, 392
332, 382
332, 372
332, 362
332, 352
332, 342
76, 256
76, 386
76, 196
76, 326
76, 136
76, 266
76, 396
76, 206
76, 336
76, 146
76, 276
76, 86
76, 216
76, 346
76, 156
76, 286
76, 96
76, 226
76, 356
76, 166
76, 296
76, 106
76, 236
76, 366
76, 176
76, 306
76, 116
76, 246
76, 376
76, 186
76, 316
76, 126
204, 384
204, 324
204, 264
204, 394
204, 334
204, 274
204, 214
204, 344
204, 284
204, 224
204, 354
204, 294
204, 234
204, 364
204, 304
204, 244
204, 374
204, 314
204, 254
333, 393
333, 383
333, 373
333, 363
333, 353
333, 343
77, 257
77, 387
77, 197
77, 327
77, 137
77, 267
77, 397
77, 207
77, 337
77, 147
77, 277
77, 87
77, 217
77, 347
77, 157
77, 287
77, 97
77, 227
77, 357
77, 167
77, 297
77, 107
77, 237
77, 367
77, 177
77, 307
77, 117
77, 247
77, 377
77, 187
77, 317
77, 127
205, 385
205, 325
205, 265
205, 395
205, 335
205, 275
205, 215
205, 345
205, 285
205, 225
205, 355
205, 295
205, 235
205, 365
205, 305
205, 245
205, 375
205, 315
205, 255
334, 394
334, 384
334, 374
334, 364
334, 354
334, 344
78, 128
78, 258
78, 388
78, 198
78, 328
78, 138
78, 268
78, 398
78, 208
78, 338
78, 148
78, 278
78, 88
78, 218
78, 348
78, 158
78, 288
78, 98
78, 228
78, 358
78, 168
78, 298
78, 108
78, 238
78, 368
78, 178
78, 308
78, 118
78, 248
78, 378
78, 188
78, 318
206, 256
206, 386
206, 326
206, 266
206, 396
206, 336
206, 276
206, 216
206, 346
206, 286
206, 226
206, 356
206, 296
206, 236
206, 366
206, 306
206, 246
206, 376
206, 316
335, 395
335, 385
335, 375
335, 365
335, 355
335, 345
79, 129
79, 259
79, 389
79, 199
79, 329
79, 139
79, 269
79, 399
79, 209
79, 339
79, 149
79, 279
79, 89
79, 219
79, 349
79, 159
79, 289
79, 99
79, 229
79, 359
79, 169
79, 299
79, 109
79, 239
79, 369
79, 179
79, 309
79, 119
79, 249
79, 379
79, 189
79, 319
207, 257
207, 387
207, 327
207, 267
207, 397
207, 337
207, 277
207, 217
207, 347
207, 287
207, 227
207, 357
207, 297
207, 237
207, 367
207, 307
207, 247
207, 377
207, 317
336, 396
336, 386
336, 376
336, 366
336, 356
336, 346
80, 320
80, 130
80, 260
80, 390
80, 200
80, 330
80, 140
80, 270
80, 400
80, 210
80, 340
80, 150
80, 280
80, 90
80, 220
80, 350
80, 160
80, 290
80, 100
80, 230
80, 360
80, 170
80, 300
80, 110
80, 240
80, 370
80, 180
80, 310
80, 120
80, 250
80, 380
80, 190
208, 258
208, 388
208, 328
208, 268
208, 398
208, 338
208, 278
208, 218
208, 348
208, 288
208, 228
208, 358
208, 298
208, 238
208, 368
208, 308
208, 248
208, 378
208, 318
337, 397
337, 387
337, 377
337, 367
337, 357
337, 347
81, 321
81, 131
81, 261
81, 391
81, 201
81, 331
81, 141
81, 271
81, 211
81, 341
81, 151
81, 281
81, 91
81, 221
81, 351
81, 161
81, 291
81, 101
81, 231
81, 361
81, 171
81, 301
81, 111
81, 241
81, 371
81, 181
81, 311
81, 121
81, 251
81, 381
81, 191
209, 259
209, 389
209, 329
209, 269
209, 399
209, 339
209, 279
209, 219
209, 349
209, 289
209, 229
209, 359
209, 299
209, 239
209, 369
209, 309
209, 249
209, 379
209, 319
338, 398
338, 388
338, 378
338, 368
338, 358
338, 348
82, 192
82, 322
82, 132
82, 262
82, 392
82, 202
82, 332
82, 142
82, 272
82, 212
82, 342
82, 152
82, 282
82, 92
82, 222
82, 352
82, 162
82, 292
82, 102
82, 232
82, 362
82, 172
82, 302
82, 112
82, 242
82, 372
82, 182
82, 312
82, 122
82, 252
82, 382
210, 320
210, 260
210, 390
210, 330
210, 270
210, 400
210, 340
210, 280
210, 220
210, 350
210, 290
210, 230
210, 360
210, 300
210, 240
210, 370
210, 310
210, 250
210, 380
339, 399
339, 389
339, 379
339, 369
339, 359
339, 349
83, 193
83, 323
83, 133
83, 263
83, 393
83, 203
83, 333
83, 143
83, 273
83, 213
83, 343
83, 153
83, 283
83, 93
83, 223
83, 353
83, 163
83, 293
83, 103
83, 233
83, 363
83, 173
83, 303
83, 113
83, 243
83, 373
83, 183
83, 313
83, 123
83, 253
83, 383
211, 321
211, 261
211, 391
211, 331
211, 271
211, 341
211, 281
211, 221
211, 351
211, 291
211, 231
211, 361
211, 301
211, 241
211, 371
211, 311
211, 251
211, 381
340, 400
340, 390
340, 380
340, 370
340, 360
340, 350
84, 384
84, 194
84, 324
84, 134
84, 264
84, 394
84, 204
84, 334
84, 144
84, 274
84, 214
84, 344
84, 154
84, 284
84, 94
84, 224
84, 354
84, 164
84, 294
84, 104
84, 234
84, 364
84, 174
84, 304
84, 114
84, 244
84, 374
84, 184
84, 314
84, 124
84, 254
212, 322
212, 262
212, 392
212, 332
212, 272
212, 342
212, 282
212, 222
212, 352
212, 292
212, 232
212, 362
212, 302
212, 242
212, 372
212, 312
212, 252
212, 382
341, 391
341, 381
341, 371
341, 361
341, 351
85, 385
85, 195
85, 325
85, 135
85, 265
85, 395
85, 205
85, 335
85, 145
85, 275
85, 215
85, 345
85, 155
85, 285
85, 95
85, 225
85, 355
85, 165
85, 295
85, 105
85, 235
85, 365
85, 175
85, 305
85, 115
85, 245
85, 375
85, 185
85, 315
85, 125
85, 255
213, 323
213, 263
213, 393
213, 333
213, 273
213, 343
213, 283
213, 223
213, 353
213, 293
213, 233
213, 363
213, 303
213, 243
213, 373
213, 313
213, 253
213, 383
342, 392
342, 382
342, 372
342, 362
342, 352
86, 256
86, 386
86, 196
86, 326
86, 136
86, 266
86, 396
86, 206
86, 336
86, 146
86, 276
86, 216
86, 346
86, 156
86, 286
86, 96
86, 226
86, 356
86, 166
86, 296
86, 106
86, 236
86, 366
86, 176
86, 306
86, 116
86, 246
86, 376
86, 186
86, 316
86, 126
214, 384
214, 324
214, 264
214, 394
214, 334
214, 274
214, 344
214, 284
214, 224
214, 354
214, 294
214, 234
214, 364
214, 304
214, 244
214, 374
214, 314
214, 254
343, 393
343, 383
343, 373
343, 363
343, 353
87, 257
87, 387
87, 197
87, 327
87, 137
87, 267
87, 397
87, 207
87, 337
87, 147
87, 277
87, 217
87, 347
87, 157
87, 287
87, 97
87, 227
87, 357
87, 167
87, 297
87, 107
87, 237
87, 367
87, 177
87, 307
87, 117
87, 247
87, 377
87, 187
87, 317
87, 127
215, 385
215, 325
215, 265
215, 395
215, 335
215, 275
215, 345
215, 285
215, 225
215, 355
215, 295
215, 235
215, 365
215, 305
215, 245
215, 375
215, 315
215, 255
344, 394
344, 384
344, 374
344, 364
344, 354
88, 128
88, 258
88, 388
88, 198
88, 328
88, 138
88, 268
88, 398
88, 208
88, 338
88, 148
88, 278
88, 218
88, 348
88, 158
88, 288
88, 98
88, 228
88, 358
88, 168
88, 298
88, 108
88, 238
88, 368
88, 178
88, 308
88, 118
88, 248
88, 378
88, 188
88, 318
216, 256
216, 386
216, 326
216, 266
216, 396
216, 336
216, 276
216, 346
216, 286
216, 226
216, 356
216, 296
216, 236
216, 366
216, 306
216, 246
216, 376
216, 316
345, 395
345, 385
345, 375
345, 365
345, 355
89, 129
89, 259
89, 389
89, 199
89, 329
89, 139
89, 269
89, 399
89, 209
89, 339
89, 149
89, 279
89, 219
89, 349
89, 159
89, 289
89, 99
89, 229
89, 359
89, 169
89, 299
89, 109
89, 239
89, 369
89, 179
89, 309
89, 119
89, 249
89, 379
89, 189
89, 319
217, 257
217, 387
217, 327
217, 267
217, 397
217, 337
217, 277
217, 347
217, 287
217, 227
217, 357
217, 297
217, 237
217, 367
217, 307
217, 247
217, 377
217, 317
346, 396
346, 386
346, 376
346, 366
346, 356
90, 320
90, 130
90, 260
90, 390
90, 200
90, 330
90, 140
90, 270
90, 400
90, 210
90, 340
90, 150
90, 280
90, 220
90, 350
90, 160
90, 290
90, 100
90, 230
90, 360
90, 170
90, 300
90, 110
90, 240
90, 370
90, 180
90, 310
90, 120
90, 250
90, 380
90, 190
218, 258
218, 388
218, 328
218, 268
218, 398
218, 338
218, 278
218, 348
218, 288
218, 228
218, 358
218, 298
218, 238
218, 368
218, 308
218, 248
218, 378
218, 318
347, 397
347, 387
347, 377
347, 367
347, 357
91, 321
91, 131
91, 261
91, 391
91, 201
91, 331
91, 141
91, 271
91, 211
91, 341
91, 151
91, 281
91, 221
91, 351
91, 161
91, 291
91, 101
91, 231
91, 361
91, 171
91, 301
91, 111
91, 241
91, 371
91, 181
91, 311
91, 121
91, 251
91, 381
91, 191
219, 259
219, 389
219, 329
219, 269
219, 399
219, 339
219, 279
219, 349
219, 289
219, 229
219, 359
219, 299
219, 239
219, 369
219, 309
219, 249
219, 379
219, 319
348, 398
348, 388
348, 378
348, 368
348, 358
92, 192
92, 322
92, 132
92, 262
92, 392
92, 202
92, 332
92, 142
92, 272
92, 212
92, 342
92, 152
92, 282
92, 222
92, 352
92, 162
92, 292
92, 102
92, 232
92, 362
92, 172
92, 302
92, 112
92, 242
92, 372
92, 182
92, 312
92, 122
92, 252
92, 382
220, 320
220, 260
220, 390
220, 330
220, 270
220, 400
220, 340
220, 280
220, 350
220, 290
220, 230
220, 360
220, 300
220, 240
220, 370
220, 310
220, 250
220, 380
349, 399
349, 389
349, 379
349, 369
349, 359
93, 193
93, 323
93, 133
93, 263
93, 393
93, 203
93, 333
93, 143
93, 273
93, 213
93, 343
93, 153
93, 283
93, 223
93, 353
93, 163
93, 293
93, 103
93, 233
93, 363
93, 173
93, 303
93, 113
93, 243
93, 373
93, 183
93, 313
93, 123
93, 253
93, 383
221, 321
221, 261
221, 391
221, 331
221, 271
221, 341
221, 281
221, 351
221, 291
221, 231
221, 361
221, 301
221, 241
221, 371
221, 311
221, 251
221, 381
350, 400
350, 390
350, 380
350, 370
350, 360
94, 384
94, 194
94, 324
94, 134
94, 264
94, 394
94, 204
94, 334
94, 144
94, 274
94, 214
94, 344
94, 154
94, 284
94, 224
94, 354
94, 164
94, 294
94, 104
94, 234
94, 364
94, 174
94, 304
94, 114
94, 244
94, 374
94, 184
94, 314
94, 124
94, 254
222, 322
222, 262
222, 392
222, 332
222, 272
222, 342
222, 282
222, 352
222, 292
222, 232
222, 362
222, 302
222, 242
222, 372
222, 312
222, 252
222, 382
351, 391
351, 381
351, 371
351, 361
95, 385
95, 195
95, 325
95, 135
95, 265
95, 395
95, 205
95, 335
95, 145
95, 275
95, 215
95, 345
95, 155
95, 285
95, 225
95, 355
95, 165
95, 295
95, 105
95, 235
95, 365
95, 175
95, 305
95, 115
95, 245
95, 375
95, 185
95, 315
95, 125
95, 255
223, 323
223, 263
223, 393
223, 333
223, 273
223, 343
223, 283
223, 353
223, 293
223, 233
223, 363
223, 303
223, 243
223, 373
223, 313
223, 253
223, 383
352, 392
352, 382
352, 372
352, 362
96, 256
96, 386
96, 196
96, 326
96, 136
96, 266
96, 396
96, 206
96, 336
96, 146
96, 276
96, 216
96, 346
96, 156
96, 286
96, 226
96, 356
96, 166
96, 296
96, 106
96, 236
96, 366
96, 176
96, 306
96, 116
96, 246
96, 376
96, 186
96, 316
96, 126
224, 384
224, 324
224, 264
224, 394
224, 334
224, 274
224, 344
224, 284
224, 354
224, 294
224, 234
224, 364
224, 304
224, 244
224, 374
224, 314
224, 254
353, 393
353, 383
353, 373
353, 363
97, 257
97, 387
97, 197
97, 327
97, 137
97, 267
97, 397
97, 207
97, 337
97, 147
97, 277
97, 217
97, 347
97, 157
97, 287
97, 227
97, 357
97, 167
97, 297
97, 107
97, 237
97, 367
97, 177
97, 307
97, 117
97, 247
97, 377
97, 187
97, 317
97, 127
225, 385
225, 325
225, 265
225, 395
225, 335
225, 275
225, 345
225, 285
225, 355
225, 295
225, 235
225, 365
225, 305
225, 245
225, 375
225, 315
225, 255
354, 394
354, 384
354, 374
354, 364
98, 128
98, 258
98, 388
98, 198
98, 328
98, 138
98, 268
98, 398
98, 208
98, 338
98, 148
98, 278
98, 218
98, 348
98, 158
98, 288
98, 228
98, 358
98, 168
98, 298
98, 108
98, 238
98, 368
98, 178
98, 308
98, 118
98, 248
98, 378
98, 188
98, 318
226, 256
226, 386
226, 326
226, 266
226, 396
226, 336
226, 276
226, 346
226, 286
226, 356
226, 296
226, 236
226, 366
226, 306
226, 246
226, 376
226, 316
355, 395
355, 385
355, 375
355, 365
99, 129
99, 259
99, 389
99, 199
99, 329
99, 139
99, 269
99, 399
99, 209
99, 339
99, 149
99, 279
99, 219
99, 349
99, 159
99, 289
99, 229
99, 359
99, 169
99, 299
99, 109
99, 239
99, 369
99, 179
99, 309
99, 119
99, 249
99, 379
99, 189
99, 319
227, 257
227, 387
227, 327
227, 267
227, 397
227, 337
227, 277
227, 347
227, 287
227, 357
227, 297
227, 237
227, 367
227, 307
227, 247
227, 377
227, 317
356, 396
356, 386
356, 376
356, 366
100, 320
100, 130
100, 260
100, 390
100, 200
100, 330
100, 140
100, 270
100, 400
100, 210
100, 340
100, 150
100, 280
100, 220
100, 350
100, 160
100, 290
100, 230
100, 360
100, 170
100, 300
100, 110
100, 240
100, 370
100, 180
100, 310
100, 120
100, 250
100, 380
100, 190
228, 258
228, 388
228, 328
228, 268
228, 398
228, 338
228, 278
228, 348
228, 288
228, 358
228, 298
228, 238
228, 368
228, 308
228, 248
228, 378
228, 318
357, 397
357, 387
357, 377
357, 367
101, 321
101, 131
101, 261
101, 391
101, 201
101, 331
101, 141
101, 271
101, 211
101, 341
101, 151
101, 281
101, 221
101, 351
101, 161
101, 291
101, 231
101, 361
101, 171
101, 301
101, 111
101, 241
101, 371
101, 181
101, 311
101, 121
101, 251
101, 381
101, 191
229, 259
229, 389
229, 329
229, 269
229, 399
229, 339
229, 279
229, 349
229, 289
229, 359
229, 299
229, 239
229, 369
229, 309
229, 249
229, 379
229, 319
358, 398
358, 388
358, 378
358, 368
102, 192
102, 322
102, 132
102, 262
102, 392
102, 202
102, 332
102, 142
102, 272
102, 212
102, 342
102, 152
102, 282
102, 222
102, 352
102, 162
102, 292
102, 232
102, 362
102, 172
102, 302
102, 112
102, 242
102, 372
102, 182
102, 312
102, 122
102, 252
102, 382
230, 320
230, 260
230, 390
230, 330
230, 270
230, 400
230, 340
230, 280
230, 350
230, 290
230, 360
230, 300
230, 240
230, 370
230, 310
230, 250
230, 380
359, 399
359, 389
359, 379
359, 369
103, 193
103, 323
103, 133
103, 263
103, 393
103, 203
103, 333
103, 143
103, 273
103, 213
103, 343
103, 153
103, 283
103, 223
103, 353
103, 163
103, 293
103, 233
103, 363
103, 173
103, 303
103, 113
103, 243
103, 373
103, 183
103, 313
103, 123
103, 253
103, 383
231, 321
231, 261
231, 391
231, 331
231, 271
231, 341
231, 281
231, 351
231, 291
231, 361
231, 301
231, 241
231, 371
231, 311
231, 251
231, 381
360, 400
360, 390
360, 380
360, 370
104, 384
104, 194
104, 324
104, 134
104, 264
104, 394
104, 204
104, 334
104, 144
104, 274
104, 214
104, 344
104, 154
104, 284
104, 224
104, 354
104, 164
104, 294
104, 234
104, 364
104, 174
104, 304
104, 114
104, 244
104, 374
104, 184
104, 314
104, 124
104, 254
232, 322
232, 262
232, 392
232, 332
232, 272
232, 342
232, 282
232, 352
232, 292
232, 362
232, 302
232, 242
232, 372
232, 312
232, 252
232, 382
361, 391
361, 381
361, 371
105, 385
105, 195
105, 325
105, 135
105, 265
105, 395
105, 205
105, 335
105, 145
105, 275
105, 215
105, 345
105, 155
105, 285
105, 225
105, 355
105, 165
105, 295
105, 235
105, 365
105, 175
105, 305
105, 115
105, 245
105, 375
105, 185
105, 315
105, 125
105, 255
233, 323
233, 263
233, 393
233, 333
233, 273
233, 343
233, 283
233, 353
233, 293
233, 363
233, 303
233, 243
233, 373
233, 313
233, 253
233, 383
362, 392
362, 382
362, 372
106, 256
106, 386
106, 196
106, 326
106, 136
106, 266
106, 396
106, 206
106, 336
106, 146
106, 276
106, 216
106, 346
106, 156
106, 286
106, 226
106, 356
106, 166
106, 296
106, 236
106, 366
106, 176
106, 306
106, 116
106, 246
106, 376
106, 186
106, 316
106, 126
234, 384
234, 324
234, 264
234, 394
234, 334
234, 274
234, 344
234, 284
234, 354
234, 294
234, 364
234, 304
234, 244
234, 374
234, 314
234, 254
363, 393
363, 383
363, 373
107, 257
107, 387
107, 197
107, 327
107, 137
107, 267
107, 397
107, 207
107, 337
107, 147
107, 277
107, 217
107, 347
107, 157
107, 287
107, 227
107, 357
107, 167
107, 297
107, 237
107, 367
107, 177
107, 307
107, 117
107, 247
107, 377
107, 187
107, 317
107, 127
235, 385
235, 325
235, 265
235, 395
235, 335
235, 275
235, 345
235, 285
235, 355
235, 295
235, 365
235, 305
235, 245
235, 375
235, 315
235, 255
364, 394
364, 384
364, 374
108, 128
108, 258
108, 388
108, 198
108, 328
108, 138
108, 268
108, 398
108, 208
108, 338
108, 148
108, 278
108, 218
108, 348
108, 158
108, 288
108, 228
108, 358
108, 168
108, 298
108, 238
108, 368
108, 178
108, 308
108, 118
108, 248
108, 378
108, 188
108, 318
236, 256
236, 386
236, 326
236, 266
236, 396
236, 336
236, 276
236, 346
236, 286
236, 356
236, 296
236, 366
236, 306
236, 246
236, 376
236, 316
365, 395
365, 385
365, 375
109, 129
109, 259
109, 389
109, 199
109, 329
109, 139
109, 269
109, 399
109, 209
109, 339
109, 149
109, 279
109, 219
109, 349
109, 159
109, 289
109, 229
109, 359
109, 169
109, 299
109, 239
109, 369
109, 179
109, 309
109, 119
109, 249
109, 379
109, 189
109, 319
237, 257
237, 387
237, 327
237, 267
237, 397
237, 337
237, 277
237, 347
237, 287
237, 357
237, 297
237, 367
237, 307
237, 247
237, 377
237, 317
366, 396
366, 386
366, 376
110, 320
110, 130
110, 260
110, 390
110, 200
110, 330
110, 140
110, 270
110, 400
110, 210
110, 340
110, 150
110, 280
110, 220
110, 350
110, 160
110, 290
110, 230
110, 360
110, 170
110, 300
110, 240
110, 370
110, 180
110, 310
110, 120
110, 250
110, 380
110, 190
238, 258
238, 388
238, 328
238, 268
238, 398
238, 338
238, 278
238, 348
238, 288
238, 358
238, 298
238, 368
238, 308
238, 248
238, 378
238, 318
367, 397
367, 387
367, 377
111, 321
111, 131
111, 261
111, 391
111, 201
111, 331
111, 141
111, 271
111, 211
111, 341
111, 151
111, 281
111, 221
111, 351
111, 161
111, 291
111, 231
111, 361
111, 171
111, 301
111, 241
111, 371
111, 181
111, 311
111, 121
111, 251
111, 381
111, 191
239, 259
239, 389
239, 329
239, 269
239, 399
239, 339
239, 279
239, 349
239, 289
239, 359
239, 299
239, 369
239, 309
239, 249
239, 379
239, 319
368, 398
368, 388
368, 378
112, 192
112, 322
112, 132
112, 262
112, 392
112, 202
112, 332
112, 142
112, 272
112, 212
112, 342
112, 152
112, 282
112, 222
112, 352
112, 162
112, 292
112, 232
112, 362
112, 172
112, 302
112, 242
112, 372
112, 182
112, 312
112, 122
112, 252
112, 382
240, 320
240, 260
240, 390
240, 330
240, 270
240, 400
240, 340
240, 280
240, 350
240, 290
240, 360
240, 300
240, 370
240, 310
240, 250
240, 380
369, 399
369, 389
369, 379
113, 193
113, 323
113, 133
113, 263
113, 393
113, 203
113, 333
113, 143
113, 273
113, 213
113, 343
113, 153
113, 283
113, 223
113, 353
113, 163
113, 293
113, 233
113, 363
113, 173
113, 303
113, 243
113, 373
113, 183
113, 313
113, 123
113, 253
113, 383
241, 321
241, 261
241, 391
241, 331
241, 271
241, 341
241, 281
241, 351
241, 291
241, 361
241, 301
241, 371
241, 311
241, 251
241, 381
370, 400
370, 390
370, 380
114, 384
114, 194
114, 324
114, 134
114, 264
114, 394
114, 204
114, 334
114, 144
114, 274
114, 214
114, 344
114, 154
114, 284
114, 224
114, 354
114, 164
114, 294
114, 234
114, 364
114, 174
114, 304
114, 244
114, 374
114, 184
114, 314
114, 124
114, 254
242, 322
242, 262
242, 392
242, 332
242, 272
242, 342
242, 282
242, 352
242, 292
242, 362
242, 302
242, 372
242, 312
242, 252
242, 382
371, 391
371, 381
115, 385
115, 195
115, 325
115, 135
115, 265
115, 395
115, 205
115, 335
115, 145
115, 275
115, 215
115, 345
115, 155
115, 285
115, 225
115, 355
115, 165
115, 295
115, 235
115, 365
115, 175
115, 305
115, 245
115, 375
115, 185
115, 315
115, 125
115, 255
243, 323
243, 263
243, 393
243, 333
243, 273
243, 343
243, 283
243, 353
243, 293
243, 363
243, 303
243, 373
243, 313
243, 253
243, 383
372, 392
372, 382
116, 256
116, 386
116, 196
116, 326
116, 136
116, 266
116, 396
116, 206
116, 336
116, 146
116, 276
116, 216
116, 346
116, 156
116, 286
116, 226
116, 356
116, 166
116, 296
116, 236
116, 366
116, 176
116, 306
116, 246
116, 376
116, 186
116, 316
116, 126
244, 384
244, 324
244, 264
244, 394
244, 334
244, 274
244, 344
244, 284
244, 354
244, 294
244, 364
244, 304
244, 374
244, 314
244, 254
373, 393
373, 383
117, 257
117, 387
117, 197
117, 327
117, 137
117, 267
117, 397
117, 207
117, 337
117, 147
117, 277
117, 217
117, 347
117, 157
117, 287
117, 227
117, 357
117, 167
117, 297
117, 237
117, 367
117, 177
117, 307
117, 247
117, 377
117, 187
117, 317
117, 127
245, 385
245, 325
245, 265
245, 395
245, 335
245, 275
245, 345
245, 285
245, 355
245, 295
245, 365
245, 305
245, 375
245, 315
245, 255
374, 394
374, 384
118, 128
118, 258
118, 388
118, 198
118, 328
118, 138
118, 268
118, 398
118, 208
118, 338
118, 148
118, 278
118, 218
118, 348
118, 158
118, 288
118, 228
118, 358
118, 168
118, 298
118, 238
118, 368
118, 178
118, 308
118, 248
118, 378
118, 188
118, 318
246, 256
246, 386
246, 326
246, 266
246, 396
246, 336
246, 276
246, 346
246, 286
246, 356
246, 296
246, 366
246, 306
246, 376
246, 316
375, 395
375, 385
119, 129
119, 259
119, 389
119, 199
119, 329
119, 139
119, 269
119, 399
119, 209
119, 339
119, 149
119, 279
119, 219
119, 349
119, 159
119, 289
119, 229
119, 359
119, 169
119, 299
119, 239
119, 369
119, 179
119, 309
119, 249
119, 379
119, 189
119, 319
247, 257
247, 387
247, 327
247, 267
247, 397
247, 337
247, 277
247, 347
247, 287
247, 357
247, 297
247, 367
247, 307
247, 377
247, 317
376, 396
376, 386
120, 320
120, 130
120, 260
120, 390
120, 200
120, 330
120, 140
120, 270
120, 400
120, 210
120, 340
120, 150
120, 280
120, 220
120, 350
120, 160
120, 290
120, 230
120, 360
120, 170
120, 300
120, 240
120, 370
120, 180
120, 310
120, 250
120, 380
120, 190
248, 258
248, 388
248, 328
248, 268
248, 398
248, 338
248, 278
248, 348
248, 288
248, 358
248, 298
248, 368
248, 308
248, 378
248, 318
377, 397
377, 387
121, 321
121, 131
121, 261
121, 391
121, 201
121, 331
121, 141
121, 271
121, 211
121, 341
121, 151
121, 281
121, 221
121, 351
121, 161
121, 291
121, 231
121, 361
121, 171
121, 301
121, 241
121, 371
121, 181
121, 311
121, 251
121, 381
121, 191
249, 259
249, 389
249, 329
249, 269
249, 399
249, 339
249, 279
249, 349
249, 289
249, 359
249, 299
249, 369
249, 309
249, 379
249, 319
378, 398
378, 388
122, 192
122, 322
122, 132
122, 262
122, 392
122, 202
122, 332
122, 142
122, 272
122, 212
122, 342
122, 152
122, 282
122, 222
122, 352
122, 162
122, 292
122, 232
122, 362
122, 172
122, 302
122, 242
122, 372
122, 182
122, 312
122, 252
122, 382
250, 320
250, 260
250, 390
250, 330
250, 270
250, 400
250, 340
250, 280
250, 350
250, 290
250, 360
250, 300
250, 370
250, 310
250, 380
379, 399
379, 389
123, 193
123, 323
123, 133
123, 263
123, 393
123, 203
123, 333
123, 143
123, 273
123, 213
123, 343
123, 153
123, 283
123, 223
123, 353
123, 163
123, 293
123, 233
123, 363
123, 173
123, 303
123, 243
123, 373
123, 183
123, 313
123, 253
123, 383
251, 321
251, 261
251, 391
251, 331
251, 271
251, 341
251, 281
251, 351
251, 291
251, 361
251, 301
251, 371
251, 311
251, 381
380, 400
380, 390
124, 384
124, 194
124, 324
124, 134
124, 264
124, 394
124, 204
124, 334
124, 144
124, 274
124, 214
124, 344
124, 154
124, 284
124, 224
124, 354
124, 164
124, 294
124, 234
124, 364
124, 174
124, 304
124, 244
124, 374
124, 184
124, 314
124, 254
252, 322
252, 262
252, 392
252, 332
252, 272
252, 342
252, 282
252, 352
252, 292
252, 362
252, 302
252, 372
252, 312
252, 382
381, 391
125, 385
125, 195
125, 325
125, 135
125, 265
125, 395
125, 205
125, 335
125, 145
125, 275
125, 215
125, 345
125, 155
125, 285
125, 225
125, 355
125, 165
125, 295
125, 235
125, 365
125, 175
125, 305
125, 245
125, 375
125, 185
125, 315
125, 255
253, 323
253, 263
253, 393
253, 333
253, 273
253, 343
253, 283
253, 353
253, 293
253, 363
253, 303
253, 373
253, 313
253, 383
382, 392
126, 256
126, 386
126, 196
126, 326
126, 136
126, 266
126, 396
126, 206
126, 336
126, 146
126, 276
126, 216
126, 346
126, 156
126, 286
126, 226
126, 356
126, 166
126, 296
126, 236
126, 366
126, 176
126, 306
126, 246
126, 376
126, 186
126, 316
254, 384
254, 324
254, 264
254, 394
254, 334
254, 274
254, 344
254, 284
254, 354
254, 294
254, 364
254, 304
254, 374
254, 314
383, 393
127, 257
127, 387
127, 197
127, 327
127, 137
127, 267
127, 397
127, 207
127, 337
127, 147
127, 277
127, 217
127, 347
127, 157
127, 287
127, 227
127, 357
127, 167
127, 297
127, 237
127, 367
127, 177
127, 307
127, 247
127, 377
127, 187
127, 317
255, 385
255, 325
255, 265
255, 395
255, 335
255, 275
255, 345
255, 285
255, 355
255, 295
255, 365
255, 305
255, 375
255, 315
