Query: query1
384, 835
384, 836
384, 837
384, 838
384, 839
384, 840
384, 841
384, 842
384, 843
384, 844
128, 579
128, 580
128, 581
128, 582
128, 583
128, 584
128, 585
128, 586
128, 587
128, 588
256, 707
256, 708
256, 709
256, 710
256, 711
256, 712
256, 713
256, 714
256, 715
256, 716
385, 836
385, 837
385, 838
385, 839
385, 840
385, 841
385, 842
385, 843
385, 844
385, 845
1, 452
1, 453
1, 454
1, 455
1, 456
1, 457
1, 458
1, 459
1, 460
1, 461
129, 580
129, 581
129, 582
129, 583
129, 584
129, 585
129, 586
129, 587
129, 588
129, 589
257, 708
257, 709
257, 710
257, 711
257, 712
257, 713
257, 714
257, 715
257, 716
257, 717
386, 837
386, 838
386, 839
386, 840
386, 841
386, 842
386, 843
386, 844
386, 845
386, 846
258, 709
258, 710
258, 711
258, 712
258, 713
258, 714
258, 715
258, 716
258, 717
258, 718
2, 453
2, 454
2, 455
2, 456
2, 457
2, 458
2, 459
2, 460
2, 461
2, 462
130, 581
130, 582
130, 583
130, 584
130, 585
130, 586
130, 587
130, 588
130, 589
130, 590
387, 838
387, 839
387, 840
387, 841
387, 842
387, 843
387, 844
387, 845
387, 846
387, 847
259, 710
259, 711
259, 712
259, 713
259, 714
259, 715
259, 716
259, 717
259, 718
259, 719
3, 454
3, 455
3, 456
3, 457
3, 458
3, 459
3, 460
3, 461
3, 462
3, 463
131, 582
131, 583
131, 584
131, 585
131, 586
131, 587
131, 588
131, 589
131, 590
131, 591
388, 839
388, 840
388, 841
388, 842
388, 843
388, 844
388, 845
388, 846
388, 847
388, 848
260, 711
260, 712
260, 713
260, 714
260, 715
260, 716
260, 717
260, 718
260, 719
260, 720
4, 455
4, 456
4, 457
4, 458
4, 459
4, 460
4, 461
4, 462
4, 463
4, 464
132, 583
132, 584
132, 585
132, 586
132, 587
132, 588
132, 589
132, 590
132, 591
132, 592
389, 840
389, 841
389, 842
389, 843
389, 844
389, 845
389, 846
389, 847
389, 848
389, 849
261, 712
261, 713
261, 714
261, 715
261, 716
261, 717
261, 718
261, 719
261, 720
261, 721
5, 456
5, 457
5, 458
5, 459
5, 460
5, 461
5, 462
5, 463
5, 464
5, 465
133, 584
133, 585
133, 586
133, 587
133, 588
133, 589
133, 590
133, 591
133, 592
133, 593
390, 841
390, 842
390, 843
390, 844
390, 845
390, 846
390, 847
390, 848
390, 849
390, 850
262, 713
262, 714
262, 715
262, 716
262, 717
262, 718
262, 719
262, 720
262, 721
262, 722
6, 457
6, 458
6, 459
6, 460
6, 461
6, 462
6, 463
6, 464
6, 465
6, 466
134, 585
134, 586
134, 587
134, 588
134, 589
134, 590
134, 591
134, 592
134, 593
134, 594
391, 842
391, 843
391, 844
391, 845
391, 846
391, 847
391, 848
391, 849
391, 850
391, 851
263, 714
263, 715
263, 716
263, 717
263, 718
263, 719
263, 720
263, 721
263, 722
263, 723
7, 458
7, 459
7, 460
7, 461
7, 462
7, 463
7, 464
7, 465
7, 466
7, 467
135, 586
135, 587
135, 588
135, 589
135, 590
135, 591
135, 592
135, 593
135, 594
135, 595
392, 843
392, 844
392, 845
392, 846
392, 847
392, 848
392, 849
392, 850
392, 851
392, 852
264, 715
264, 716
264, 717
264, 718
264, 719
264, 720
264, 721
264, 722
264, 723
264, 724
8, 459
8, 460
8, 461
8, 462
8, 463
8, 464
8, 465
8, 466
8, 467
8, 468
136, 587
136, 588
136, 589
136, 590
136, 591
136, 592
136, 593
136, 594
136, 595
136, 596
393, 844
393, 845
393, 846
393, 847
393, 848
393, 849
393, 850
393, 851
393, 852
393, 853
265, 716
265, 717
265, 718
265, 719
265, 720
265, 721
265, 722
265, 723
265, 724
265, 725
9, 460
9, 461
9, 462
9, 463
9, 464
9, 465
9, 466
9, 467
9, 468
9, 469
137, 588
137, 589
137, 590
137, 591
137, 592
137, 593
137, 594
137, 595
137, 596
137, 597
394, 845
394, 846
394, 847
394, 848
394, 849
394, 850
394, 851
394, 852
394, 853
394, 854
266, 717
266, 718
266, 719
266, 720
266, 721
266, 722
266, 723
266, 724
266, 725
266, 726
10, 461
10, 462
10, 463
10, 464
10, 465
10, 466
10, 467
10, 468
10, 469
10, 470
138, 589
138, 590
138, 591
138, 592
138, 593
138, 594
138, 595
138, 596
138, 597
138, 598
395, 846
395, 847
395, 848
395, 849
395, 850
395, 851
395, 852
395, 853
395, 854
395, 855
267, 718
267, 719
267, 720
267, 721
267, 722
267, 723
267, 724
267, 725
267, 726
267, 727
11, 462
11, 463
11, 464
11, 465
11, 466
11, 467
11, 468
11, 469
11, 470
11, 471
139, 590
139, 591
139, 592
139, 593
139, 594
139, 595
139, 596
139, 597
139, 598
139, 599
396, 847
396, 848
396, 849
396, 850
396, 851
396, 852
396, 853
396, 854
396, 855
396, 856
268, 719
268, 720
268, 721
268, 722
268, 723
268, 724
268, 725
268, 726
268, 727
268, 728
12, 463
12, 464
12, 465
12, 466
12, 467
12, 468
12, 469
12, 470
12, 471
12, 472
140, 591
140, 592
140, 593
140, 594
140, 595
140, 596
140, 597
140, 598
140, 599
140, 600
397, 848
397, 849
397, 850
397, 851
397, 852
397, 853
397, 854
397, 855
397, 856
397, 857
269, 720
269, 721
269, 722
269, 723
269, 724
269, 725
269, 726
269, 727
269, 728
269, 729
13, 464
13, 465
13, 466
13, 467
13, 468
13, 469
13, 470
13, 471
13, 472
13, 473
141, 592
141, 593
141, 594
141, 595
141, 596
141, 597
141, 598
141, 599
141, 600
141, 601
398, 849
398, 850
398, 851
398, 852
398, 853
398, 854
398, 855
398, 856
398, 857
398, 858
270, 721
270, 722
270, 723
270, 724
270, 725
270, 726
270, 727
270, 728
270, 729
270, 730
14, 465
14, 466
14, 467
14, 468
14, 469
14, 470
14, 471
14, 472
14, 473
14, 474
142, 593
142, 594
142, 595
142, 596
142, 597
142, 598
142, 599
142, 600
142, 601
142, 602
399, 850
399, 851
399, 852
399, 853
399, 854
399, 855
399, 856
399, 857
399, 858
399, 859
271, 722
271, 723
271, 724
271, 725
271, 726
271, 727
271, 728
271, 729
271, 730
271, 731
15, 466
15, 467
15, 468
15, 469
15, 470
15, 471
15, 472
15, 473
15, 474
15, 475
143, 594
143, 595
143, 596
143, 597
143, 598
143, 599
143, 600
143, 601
143, 602
143, 603
400, 851
400, 852
400, 853
400, 854
400, 855
400, 856
400, 857
400, 858
400, 859
400, 860
272, 723
272, 724
272, 725
272, 726
272, 727
272, 728
272, 729
272, 730
272, 731
272, 732
16, 467
16, 468
16, 469
16, 470
16, 471
16, 472
16, 473
16, 474
16, 475
16, 476
144, 595
144, 596
144, 597
144, 598
144, 599
144, 600
144, 601
144, 602
144, 603
144, 604
401, 852
401, 853
401, 854
401, 855
401, 856
401, 857
401, 858
401, 859
401, 860
401, 861
273, 724
273, 725
273, 726
273, 727
273, 728
273, 729
273, 730
273, 731
273, 732
273, 733
17, 468
17, 469
17, 470
17, 471
17, 472
17, 473
17, 474
17, 475
17, 476
17, 477
145, 596
145, 597
145, 598
145, 599
145, 600
145, 601
145, 602
145, 603
145, 604
145, 605
402, 853
402, 854
402, 855
402, 856
402, 857
402, 858
402, 859
402, 860
402, 861
402, 862
274, 725
274, 726
274, 727
274, 728
274, 729
274, 730
274, 731
274, 732
274, 733
274, 734
18, 469
18, 470
18, 471
18, 472
18, 473
18, 474
18, 475
18, 476
18, 477
18, 478
146, 597
146, 598
146, 599
146, 600
146, 601
146, 602
146, 603
146, 604
146, 605
146, 606
403, 854
403, 855
403, 856
403, 857
403, 858
403, 859
403, 860
403, 861
403, 862
403, 863
275, 726
275, 727
275, 728
275, 729
275, 730
275, 731
275, 732
275, 733
275, 734
275, 735
19, 470
19, 471
19, 472
19, 473
19, 474
19, 475
19, 476
19, 477
19, 478
19, 479
147, 598
147, 599
147, 600
147, 601
147, 602
147, 603
147, 604
147, 605
147, 606
147, 607
404, 855
404, 856
404, 857
404, 858
404, 859
404, 860
404, 861
404, 862
404, 863
404, 864
276, 727
276, 728
276, 729
276, 730
276, 731
276, 732
276, 733
276, 734
276, 735
276, 736
20, 471
20, 472
20, 473
20, 474
20, 475
20, 476
20, 477
20, 478
20, 479
20, 480
148, 599
148, 600
148, 601
148, 602
148, 603
148, 604
148, 605
148, 606
148, 607
148, 608
405, 856
405, 857
405, 858
405, 859
405, 860
405, 861
405, 862
405, 863
405, 864
405, 865
277, 728
277, 729
277, 730
277, 731
277, 732
277, 733
277, 734
277, 735
277, 736
277, 737
21, 472
21, 473
21, 474
21, 475
21, 476
21, 477
21, 478
21, 479
21, 480
21, 481
149, 600
149, 601
149, 602
149, 603
149, 604
149, 605
149, 606
149, 607
149, 608
149, 609
406, 857
406, 858
406, 859
406, 860
406, 861
406, 862
406, 863
406, 864
406, 865
406, 866
278, 729
278, 730
278, 731
278, 732
278, 733
278, 734
278, 735
278, 736
278, 737
278, 738
22, 473
22, 474
22, 475
22, 476
22, 477
22, 478
22, 479
22, 480
22, 481
22, 482
150, 601
150, 602
150, 603
150, 604
150, 605
150, 606
150, 607
150, 608
150, 609
150, 610
407, 858
407, 859
407, 860
407, 861
407, 862
407, 863
407, 864
407, 865
407, 866
407, 867
279, 730
279, 731
279, 732
279, 733
279, 734
279, 735
279, 736
279, 737
279, 738
279, 739
23, 474
23, 475
23, 476
23, 477
23, 478
23, 479
23, 480
23, 481
23, 482
23, 483
151, 602
151, 603
151, 604
151, 605
151, 606
151, 607
151, 608
151, 609
151, 610
151, 611
408, 859
408, 860
408, 861
408, 862
408, 863
408, 864
408, 865
408, 866
408, 867
408, 868
280, 731
280, 732
280, 733
280, 734
280, 735
280, 736
280, 737
280, 738
280, 739
280, 740
24, 475
24, 476
24, 477
24, 478
24, 479
24, 480
24, 481
24, 482
24, 483
24, 484
152, 603
152, 604
152, 605
152, 606
152, 607
152, 608
152, 609
152, 610
152, 611
152, 612
409, 860
409, 861
409, 862
409, 863
409, 864
409, 865
409, 866
409, 867
409, 868
409, 869
281, 732
281, 733
281, 734
281, 735
281, 736
281, 737
281, 738
281, 739
281, 740
281, 741
25, 476
25, 477
25, 478
25, 479
25, 480
25, 481
25, 482
25, 483
25, 484
25, 485
153, 604
153, 605
153, 606
153, 607
153, 608
153, 609
153, 610
153, 611
153, 612
153, 613
410, 861
410, 862
410, 863
410, 864
410, 865
410, 866
410, 867
410, 868
410, 869
410, 870
282, 733
282, 734
282, 735
282, 736
282, 737
282, 738
282, 739
282, 740
282, 741
282, 742
26, 477
26, 478
26, 479
26, 480
26, 481
26, 482
26, 483
26, 484
26, 485
26, 486
154, 605
154, 606
154, 607
154, 608
154, 609
154, 610
154, 611
154, 612
154, 613
154, 614
411, 862
411, 863
411, 864
411, 865
411, 866
411, 867
411, 868
411, 869
411, 870
411, 871
283, 734
283, 735
283, 736
283, 737
283, 738
283, 739
283, 740
283, 741
283, 742
283, 743
27, 478
27, 479
27, 480
27, 481
27, 482
27, 483
27, 484
27, 485
27, 486
27, 487
155, 606
155, 607
155, 608
155, 609
155, 610
155, 611
155, 612
155, 613
155, 614
155, 615
412, 863
412, 864
412, 865
412, 866
412, 867
412, 868
412, 869
412, 870
412, 871
412, 872
284, 735
284, 736
284, 737
284, 738
284, 739
284, 740
284, 741
284, 742
284, 743
284, 744
28, 479
28, 480
28, 481
28, 482
28, 483
28, 484
28, 485
28, 486
28, 487
28, 488
156, 607
156, 608
156, 609
156, 610
156, 611
156, 612
156, 613
156, 614
156, 615
156, 616
413, 864
413, 865
413, 866
413, 867
413, 868
413, 869
413, 870
413, 871
413, 872
413, 873
285, 736
285, 737
285, 738
285, 739
285, 740
285, 741
285, 742
285, 743
285, 744
285, 745
29, 480
29, 481
29, 482
29, 483
29, 484
29, 485
29, 486
29, 487
29, 488
29, 489
157, 608
157, 609
157, 610
157, 611
157, 612
157, 613
157, 614
157, 615
157, 616
157, 617
414, 865
414, 866
414, 867
414, 868
414, 869
414, 870
414, 871
414, 872
414, 873
414, 874
286, 737
286, 738
286, 739
286, 740
286, 741
286, 742
286, 743
286, 744
286, 745
286, 746
30, 481
30, 482
30, 483
30, 484
30, 485
30, 486
30, 487
30, 488
30, 489
30, 490
158, 609
158, 610
158, 611
158, 612
158, 613
158, 614
158, 615
158, 616
158, 617
158, 618
415, 866
415, 867
415, 868
415, 869
415, 870
415, 871
415, 872
415, 873
415, 874
415, 875
287, 738
287, 739
287, 740
287, 741
287, 742
287, 743
287, 744
287, 745
287, 746
287, 747
31, 482
31, 483
31, 484
31, 485
31, 486
31, 487
31, 488
31, 489
31, 490
31, 491
159, 610
159, 611
159, 612
159, 613
159, 614
159, 615
159, 616
159, 617
159, 618
159, 619
416, 867
416, 868
416, 869
416, 870
416, 871
416, 872
416, 873
416, 874
416, 875
416, 876
288, 739
288, 740
288, 741
288, 742
288, 743
288, 744
288, 745
288, 746
288, 747
288, 748
32, 483
32, 484
32, 485
32, 486
32, 487
32, 488
32, 489
32, 490
32, 491
32, 492
160, 611
160, 612
160, 613
160, 614
160, 615
160, 616
160, 617
160, 618
160, 619
160, 620
417, 868
417, 869
417, 870
417, 871
417, 872
417, 873
417, 874
417, 875
417, 876
417, 877
289, 740
289, 741
289, 742
289, 743
289, 744
289, 745
289, 746
289, 747
289, 748
289, 749
33, 484
33, 485
33, 486
33, 487
33, 488
33, 489
33, 490
33, 491
33, 492
33, 493
161, 612
161, 613
161, 614
161, 615
161, 616
161, 617
161, 618
161, 619
161, 620
161, 621
418, 869
418, 870
418, 871
418, 872
418, 873
418, 874
418, 875
418, 876
418, 877
418, 878
290, 741
290, 742
290, 743
290, 744
290, 745
290, 746
290, 747
290, 748
290, 749
290, 750
34, 485
34, 486
34, 487
34, 488
34, 489
34, 490
34, 491
34, 492
34, 493
34, 494
162, 613
162, 614
162, 615
162, 616
162, 617
162, 618
162, 619
162, 620
162, 621
162, 622
419, 870
419, 871
419, 872
419, 873
419, 874
419, 875
419, 876
419, 877
419, 878
419, 879
291, 742
291, 743
291, 744
291, 745
291, 746
291, 747
291, 748
291, 749
291, 750
291, 751
35, 486
35, 487
35, 488
35, 489
35, 490
35, 491
35, 492
35, 493
35, 494
35, 495
163, 614
163, 615
163, 616
163, 617
163, 618
163, 619
163, 620
163, 621
163, 622
163, 623
420, 871
420, 872
420, 873
420, 874
420, 875
420, 876
420, 877
420, 878
420, 879
420, 880
292, 743
292, 744
292, 745
292, 746
292, 747
292, 748
292, 749
292, 750
292, 751
292, 752
36, 487
36, 488
36, 489
36, 490
36, 491
36, 492
36, 493
36, 494
36, 495
36, 496
164, 615
164, 616
164, 617
164, 618
164, 619
164, 620
164, 621
164, 622
164, 623
164, 624
421, 872
421, 873
421, 874
421, 875
421, 876
421, 877
421, 878
421, 879
421, 880
421, 881
293, 744
293, 745
293, 746
293, 747
293, 748
293, 749
293, 750
293, 751
293, 752
293, 753
37, 488
37, 489
37, 490
37, 491
37, 492
37, 493
37, 494
37, 495
37, 496
37, 497
165, 616
165, 617
165, 618
165, 619
165, 620
165, 621
165, 622
165, 623
165, 624
165, 625
422, 873
422, 874
422, 875
422, 876
422, 877
422, 878
422, 879
422, 880
422, 881
422, 882
294, 745
294, 746
294, 747
294, 748
294, 749
294, 750
294, 751
294, 752
294, 753
294, 754
38, 489
38, 490
38, 491
38, 492
38, 493
38, 494
38, 495
38, 496
38, 497
38, 498
166, 617
166, 618
166, 619
166, 620
166, 621
166, 622
166, 623
166, 624
166, 625
166, 626
423, 874
423, 875
423, 876
423, 877
423, 878
423, 879
423, 880
423, 881
423, 882
423, 883
295, 746
295, 747
295, 748
295, 749
295, 750
295, 751
295, 752
295, 753
295, 754
295, 755
39, 490
39, 491
39, 492
39, 493
39, 494
39, 495
39, 496
39, 497
39, 498
39, 499
167, 618
167, 619
167, 620
167, 621
167, 622
167, 623
167, 624
167, 625
167, 626
167, 627
424, 875
424, 876
424, 877
424, 878
424, 879
424, 880
424, 881
424, 882
424, 883
424, 884
296, 747
296, 748
296, 749
296, 750
296, 751
296, 752
296, 753
296, 754
296, 755
296, 756
40, 491
40, 492
40, 493
40, 494
40, 495
40, 496
40, 497
40, 498
40, 499
40, 500
168, 619
168, 620
168, 621
168, 622
168, 623
168, 624
168, 625
168, 626
168, 627
168, 628
425, 876
425, 877
425, 878
425, 879
425, 880
425, 881
425, 882
425, 883
425, 884
425, 885
297, 748
297, 749
297, 750
297, 751
297, 752
297, 753
297, 754
297, 755
297, 756
297, 757
41, 492
41, 493
41, 494
41, 495
41, 496
41, 497
41, 498
41, 499
41, 500
41, 501
169, 620
169, 621
169, 622
169, 623
169, 624
169, 625
169, 626
169, 627
169, 628
169, 629
426, 877
426, 878
426, 879
426, 880
426, 881
426, 882
426, 883
426, 884
426, 885
426, 886
298, 749
298, 750
298, 751
298, 752
298, 753
298, 754
298, 755
298, 756
298, 757
298, 758
42, 493
42, 494
42, 495
42, 496
42, 497
42, 498
42, 499
42, 500
42, 501
42, 502
170, 621
170, 622
170, 623
170, 624
170, 625
170, 626
170, 627
170, 628
170, 629
170, 630
427, 878
427, 879
427, 880
427, 881
427, 882
427, 883
427, 884
427, 885
427, 886
427, 887
299, 750
299, 751
299, 752
299, 753
299, 754
299, 755
299, 756
299, 757
299, 758
299, 759
43, 494
43, 495
43, 496
43, 497
43, 498
43, 499
43, 500
43, 501
43, 502
43, 503
171, 622
171, 623
171, 624
171, 625
171, 626
171, 627
171, 628
171, 629
171, 630
171, 631
428, 879
428, 880
428, 881
428, 882
428, 883
428, 884
428, 885
428, 886
428, 887
428, 888
300, 751
300, 752
300, 753
300, 754
300, 755
300, 756
300, 757
300, 758
300, 759
300, 760
44, 495
44, 496
44, 497
44, 498
44, 499
44, 500
44, 501
44, 502
44, 503
44, 504
172, 623
172, 624
172, 625
172, 626
172, 627
172, 628
172, 629
172, 630
172, 631
172, 632
429, 880
429, 881
429, 882
429, 883
429, 884
429, 885
429, 886
429, 887
429, 888
429, 889
301, 752
301, 753
301, 754
301, 755
301, 756
301, 757
301, 758
301, 759
301, 760
301, 761
45, 496
45, 497
45, 498
45, 499
45, 500
45, 501
45, 502
45, 503
45, 504
45, 505
173, 624
173, 625
173, 626
173, 627
173, 628
173, 629
173, 630
173, 631
173, 632
173, 633
430, 881
430, 882
430, 883
430, 884
430, 885
430, 886
430, 887
430, 888
430, 889
430, 890
302, 753
302, 754
302, 755
302, 756
302, 757
302, 758
302, 759
302, 760
302, 761
302, 762
46, 497
46, 498
46, 499
46, 500
46, 501
46, 502
46, 503
46, 504
46, 505
46, 506
174, 625
174, 626
174, 627
174, 628
174, 629
174, 630
174, 631
174, 632
174, 633
174, 634
431, 882
431, 883
431, 884
431, 885
431, 886
431, 887
431, 888
431, 889
431, 890
431, 891
303, 754
303, 755
303, 756
303, 757
303, 758
303, 759
303, 760
303, 761
303, 762
303, 763
47, 498
47, 499
47, 500
47, 501
47, 502
47, 503
47, 504
47, 505
47, 506
47, 507
175, 626
175, 627
175, 628
175, 629
175, 630
175, 631
175, 632
175, 633
175, 634
175, 635
432, 883
432, 884
432, 885
432, 886
432, 887
432, 888
432, 889
432, 890
432, 891
432, 892
304, 755
304, 756
304, 757
304, 758
304, 759
304, 760
304, 761
304, 762
304, 763
304, 764
48, 499
48, 500
48, 501
48, 502
48, 503
48, 504
48, 505
48, 506
48, 507
48, 508
176, 627
176, 628
176, 629
176, 630
176, 631
176, 632
176, 633
176, 634
176, 635
176, 636
433, 884
433, 885
433, 886
433, 887
433, 888
433, 889
433, 890
433, 891
433, 892
433, 893
305, 756
305, 757
305, 758
305, 759
305, 760
305, 761
305, 762
305, 763
305, 764
305, 765
49, 500
49, 501
49, 502
49, 503
49, 504
49, 505
49, 506
49, 507
49, 508
49, 509
177, 628
177, 629
177, 630
177, 631
177, 632
177, 633
177, 634
177, 635
177, 636
177, 637
434, 885
434, 886
434, 887
434, 888
434, 889
434, 890
434, 891
434, 892
434, 893
434, 894
306, 757
306, 758
306, 759
306, 760
306, 761
306, 762
306, 763
306, 764
306, 765
306, 766
50, 501
50, 502
50, 503
50, 504
50, 505
50, 506
50, 507
50, 508
50, 509
50, 510
178, 629
178, 630
178, 631
178, 632
178, 633
178, 634
178, 635
178, 636
178, 637
178, 638
435, 886
435, 887
435, 888
435, 889
435, 890
435, 891
435, 892
435, 893
435, 894
435, 895
307, 758
307, 759
307, 760
307, 761
307, 762
307, 763
307, 764
307, 765
307, 766
307, 767
51, 502
51, 503
51, 504
51, 505
51, 506
51, 507
51, 508
51, 509
51, 510
51, 511
179, 630
179, 631
179, 632
179, 633
179, 634
179, 635
179, 636
179, 637
179, 638
179, 639
436, 896
436, 887
436, 888
436, 889
436, 890
436, 891
436, 892
436, 893
436, 894
436, 895
308, 768
308, 759
308, 760
308, 761
308, 762
308, 763
308, 764
308, 765
308, 766
308, 767
52, 512
52, 503
52, 504
52, 505
52, 506
52, 507
52, 508
52, 509
52, 510
52, 511
180, 640
180, 631
180, 632
180, 633
180, 634
180, 635
180, 636
180, 637
180, 638
180, 639
437, 896
437, 897
437, 888
437, 889
437, 890
437, 891
437, 892
437, 893
437, 894
437, 895
309, 768
309, 769
309, 760
309, 761
309, 762
309, 763
309, 764
309, 765
309, 766
309, 767
53, 512
53, 513
53, 504
53, 505
53, 506
53, 507
53, 508
53, 509
53, 510
53, 511
181, 640
181, 641
181, 632
181, 633
181, 634
181, 635
181, 636
181, 637
181, 638
181, 639
438, 896
438, 897
438, 898
438, 889
438, 890
438, 891
438, 892
438, 893
438, 894
438, 895
310, 768
310, 769
310, 770
310, 761
310, 762
310, 763
310, 764
310, 765
310, 766
310, 767
54, 512
54, 513
54, 514
54, 505
54, 506
54, 507
54, 508
54, 509
54, 510
54, 511
182, 640
182, 641
182, 642
182, 633
182, 634
182, 635
182, 636
182, 637
182, 638
182, 639
439, 896
439, 897
439, 898
439, 899
439, 890
439, 891
439, 892
439, 893
439, 894
439, 895
311, 768
311, 769
311, 770
311, 771
311, 762
311, 763
311, 764
311, 765
311, 766
311, 767
55, 512
55, 513
55, 514
55, 515
55, 506
55, 507
55, 508
55, 509
55, 510
55, 511
183, 640
183, 641
183, 642
183, 643
183, 634
183, 635
183, 636
183, 637
183, 638
183, 639
440, 896
440, 897
440, 898
440, 899
440, 900
440, 891
440, 892
440, 893
440, 894
440, 895
312, 768
312, 769
312, 770
312, 771
312, 772
312, 763
312, 764
312, 765
312, 766
312, 767
56, 512
56, 513
56, 514
56, 515
56, 516
56, 507
56, 508
56, 509
56, 510
56, 511
184, 640
184, 641
184, 642
184, 643
184, 644
184, 635
184, 636
184, 637
184, 638
184, 639
441, 896
441, 897
441, 898
441, 451
441, 899
441, 900
441, 892
441, 893
441, 894
441, 895
313, 768
313, 769
313, 770
313, 771
313, 772
313, 773
313, 764
313, 765
313, 766
313, 767
57, 512
57, 513
57, 514
57, 515
57, 516
57, 517
57, 508
57, 509
57, 510
57, 511
185, 640
185, 641
185, 642
185, 643
185, 644
185, 645
185, 636
185, 637
185, 638
185, 639
442, 896
442, 897
442, 898
442, 899
442, 451
442, 452
442, 900
442, 893
442, 894
442, 895
314, 768
314, 769
314, 770
314, 771
314, 772
314, 773
314, 774
314, 765
314, 766
314, 767
58, 512
58, 513
58, 514
58, 515
58, 516
58, 517
58, 518
58, 509
58, 510
58, 511
186, 640
186, 641
186, 642
186, 643
186, 644
186, 645
186, 646
186, 637
186, 638
186, 639
443, 896
443, 897
443, 898
443, 899
443, 451
443, 900
443, 452
443, 453
443, 894
443, 895
315, 768
315, 769
315, 770
315, 771
315, 772
315, 773
315, 774
315, 775
315, 766
315, 767
59, 512
59, 513
59, 514
59, 515
59, 516
59, 517
59, 518
59, 519
59, 510
59, 511
187, 640
187, 641
187, 642
187, 643
187, 644
187, 645
187, 646
187, 647
187, 638
187, 639
444, 896
444, 897
444, 898
444, 899
444, 451
444, 900
444, 452
444, 453
444, 454
444, 895
316, 768
316, 769
316, 770
316, 771
316, 772
316, 773
316, 774
316, 775
316, 776
316, 767
60, 512
60, 513
60, 514
60, 515
60, 516
60, 517
60, 518
60, 519
60, 520
60, 511
188, 640
188, 641
188, 642
188, 643
188, 644
188, 645
188, 646
188, 647
188, 648
188, 639
445, 896
445, 897
445, 898
445, 899
445, 451
445, 900
445, 452
445, 453
445, 454
445, 455
317, 768
317, 769
317, 770
317, 771
317, 772
317, 773
317, 774
317, 775
317, 776
317, 777
61, 512
61, 513
61, 514
61, 515
61, 516
61, 517
61, 518
61, 519
61, 520
61, 521
189, 640
189, 641
189, 642
189, 643
189, 644
189, 645
189, 646
189, 647
189, 648
189, 649
446, 897
446, 898
446, 899
446, 451
446, 900
446, 452
446, 453
446, 454
446, 455
446, 456
318, 769
318, 770
318, 771
318, 772
318, 773
318, 774
318, 775
318, 776
318, 777
318, 778
62, 513
62, 514
62, 515
62, 516
62, 517
62, 518
62, 519
62, 520
62, 521
62, 522
190, 641
190, 642
190, 643
190, 644
190, 645
190, 646
190, 647
190, 648
190, 649
190, 650
447, 898
447, 899
447, 451
447, 900
447, 452
447, 453
447, 454
447, 455
447, 456
447, 457
319, 770
319, 771
319, 772
319, 773
319, 774
319, 775
319, 776
319, 777
319, 778
319, 779
63, 514
63, 515
63, 516
63, 517
63, 518
63, 519
63, 520
63, 521
63, 522
63, 523
191, 642
191, 643
191, 644
191, 645
191, 646
191, 647
191, 648
191, 649
191, 650
191, 651
448, 899
448, 451
448, 900
448, 452
448, 453
448, 454
448, 455
448, 456
448, 457
448, 458
320, 771
320, 772
320, 773
320, 774
320, 775
320, 776
320, 777
320, 778
320, 779
320, 780
64, 515
64, 516
64, 517
64, 518
64, 519
64, 520
64, 521
64, 522
64, 523
64, 524
192, 643
192, 644
192, 645
192, 646
192, 647
192, 648
192, 649
192, 650
192, 651
192, 652
449, 451
449, 900
449, 452
449, 453
449, 454
449, 455
449, 456
449, 457
449, 458
449, 459
321, 772
321, 773
321, 774
321, 775
321, 776
321, 777
321, 778
321, 779
321, 780
321, 781
65, 516
65, 517
65, 518
65, 519
65, 520
65, 521
65, 522
65, 523
65, 524
65, 525
193, 644
193, 645
193, 646
193, 647
193, 648
193, 649
193, 650
193, 651
193, 652
193, 653
450, 451
450, 452
450, 453
450, 454
450, 455
450, 456
450, 457
450, 458
450, 459
450, 460
322, 773
322, 774
322, 775
322, 776
322, 777
322, 778
322, 779
322, 780
322, 781
322, 782
66, 517
66, 518
66, 519
66, 520
66, 521
66, 522
66, 523
66, 524
66, 525
66, 526
194, 645
194, 646
194, 647
194, 648
194, 649
194, 650
194, 651
194, 652
194, 653
194, 654
323, 774
323, 775
323, 776
323, 777
323, 778
323, 779
323, 780
323, 781
323, 782
323, 783
67, 518
67, 519
67, 520
67, 521
67, 522
67, 523
67, 524
67, 525
67, 526
67, 527
195, 646
195, 647
195, 648
195, 649
195, 650
195, 651
195, 652
195, 653
195, 654
195, 655
324, 775
324, 776
324, 777
324, 778
324, 779
324, 780
324, 781
324, 782
324, 783
324, 784
68, 519
68, 520
68, 521
68, 522
68, 523
68, 524
68, 525
68, 526
68, 527
68, 528
196, 647
196, 648
196, 649
196, 650
196, 651
196, 652
196, 653
196, 654
196, 655
196, 656
325, 776
325, 777
325, 778
325, 779
325, 780
325, 781
325, 782
325, 783
325, 784
325, 785
69, 520
69, 521
69, 522
69, 523
69, 524
69, 525
69, 526
69, 527
69, 528
69, 529
197, 648
197, 649
197, 650
197, 651
197, 652
197, 653
197, 654
197, 655
197, 656
197, 657
326, 777
326, 778
326, 779
326, 780
326, 781
326, 782
326, 783
326, 784
326, 785
326, 786
70, 521
70, 522
70, 523
70, 524
70, 525
70, 526
70, 527
70, 528
70, 529
70, 530
198, 649
198, 650
198, 651
198, 652
198, 653
198, 654
198, 655
198, 656
198, 657
198, 658
327, 778
327, 779
327, 780
327, 781
327, 782
327, 783
327, 784
327, 785
327, 786
327, 787
71, 522
71, 523
71, 524
71, 525
71, 526
71, 527
71, 528
71, 529
71, 530
71, 531
199, 650
199, 651
199, 652
199, 653
199, 654
199, 655
199, 656
199, 657
199, 658
199, 659
328, 779
328, 780
328, 781
328, 782
328, 783
328, 784
328, 785
328, 786
328, 787
328, 788
72, 523
72, 524
72, 525
72, 526
72, 527
72, 528
72, 529
72, 530
72, 531
72, 532
200, 651
200, 652
200, 653
200, 654
200, 655
200, 656
200, 657
200, 658
200, 659
200, 660
329, 780
329, 781
329, 782
329, 783
329, 784
329, 785
329, 786
329, 787
329, 788
329, 789
73, 524
73, 525
73, 526
73, 527
73, 528
73, 529
73, 530
73, 531
73, 532
73, 533
201, 652
201, 653
201, 654
201, 655
201, 656
201, 657
201, 658
201, 659
201, 660
201, 661
330, 781
330, 782
330, 783
330, 784
330, 785
330, 786
330, 787
330, 788
330, 789
330, 790
74, 525
74, 526
74, 527
74, 528
74, 529
74, 530
74, 531
74, 532
74, 533
74, 534
202, 653
202, 654
202, 655
202, 656
202, 657
202, 658
202, 659
202, 660
202, 661
202, 662
331, 782
331, 783
331, 784
331, 785
331, 786
331, 787
331, 788
331, 789
331, 790
331, 791
75, 526
75, 527
75, 528
75, 529
75, 530
75, 531
75, 532
75, 533
75, 534
75, 535
203, 654
203, 655
203, 656
203, 657
203, 658
203, 659
203, 660
203, 661
203, 662
203, 663
332, 783
332, 784
332, 785
332, 786
332, 787
332, 788
332, 789
332, 790
332, 791
332, 792
76, 527
76, 528
76, 529
76, 530
76, 531
76, 532
76, 533
76, 534
76, 535
76, 536
204, 655
204, 656
204, 657
204, 658
204, 659
204, 660
204, 661
204, 662
204, 663
204, 664
333, 784
333, 785
333, 786
333, 787
333, 788
333, 789
333, 790
333, 791
333, 792
333, 793
77, 528
77, 529
77, 530
77, 531
77, 532
77, 533
77, 534
77, 535
77, 536
77, 537
205, 656
205, 657
205, 658
205, 659
205, 660
205, 661
205, 662
205, 663
205, 664
205, 665
334, 785
334, 786
334, 787
334, 788
334, 789
334, 790
334, 791
334, 792
334, 793
334, 794
78, 529
78, 530
78, 531
78, 532
78, 533
78, 534
78, 535
78, 536
78, 537
78, 538
206, 657
206, 658
206, 659
206, 660
206, 661
206, 662
206, 663
206, 664
206, 665
206, 666
335, 786
335, 787
335, 788
335, 789
335, 790
335, 791
335, 792
335, 793
335, 794
335, 795
79, 530
79, 531
79, 532
79, 533
79, 534
79, 535
79, 536
79, 537
79, 538
79, 539
207, 658
207, 659
207, 660
207, 661
207, 662
207, 663
207, 664
207, 665
207, 666
207, 667
336, 787
336, 788
336, 789
336, 790
336, 791
336, 792
336, 793
336, 794
336, 795
336, 796
80, 531
80, 532
80, 533
80, 534
80, 535
80, 536
80, 537
80, 538
80, 539
80, 540
208, 659
208, 660
208, 661
208, 662
208, 663
208, 664
208, 665
208, 666
208, 667
208, 668
337, 788
337, 789
337, 790
337, 791
337, 792
337, 793
337, 794
337, 795
337, 796
337, 797
81, 532
81, 533
81, 534
81, 535
81, 536
81, 537
81, 538
81, 539
81, 540
81, 541
209, 660
209, 661
209, 662
209, 663
209, 664
209, 665
209, 666
209, 667
209, 668
209, 669
338, 789
338, 790
338, 791
338, 792
338, 793
338, 794
338, 795
338, 796
338, 797
338, 798
82, 533
82, 534
82, 535
82, 536
82, 537
82, 538
82, 539
82, 540
82, 541
82, 542
210, 661
210, 662
210, 663
210, 664
210, 665
210, 666
210, 667
210, 668
210, 669
210, 670
339, 790
339, 791
339, 792
339, 793
339, 794
339, 795
339, 796
339, 797
339, 798
339, 799
83, 534
83, 535
83, 536
83, 537
83, 538
83, 539
83, 540
83, 541
83, 542
83, 543
211, 662
211, 663
211, 664
211, 665
211, 666
211, 667
211, 668
211, 669
211, 670
211, 671
340, 791
340, 792
340, 793
340, 794
340, 795
340, 796
340, 797
340, 798
340, 799
340, 800
84, 535
84, 536
84, 537
84, 538
84, 539
84, 540
84, 541
84, 542
84, 543
84, 544
212, 663
212, 664
212, 665
212, 666
212, 667
212, 668
212, 669
212, 670
212, 671
212, 672
341, 792
341, 793
341, 794
341, 795
341, 796
341, 797
341, 798
341, 799
341, 800
341, 801
85, 536
85, 537
85, 538
85, 539
85, 540
85, 541
85, 542
85, 543
85, 544
85, 545
213, 664
213, 665
213, 666
213, 667
213, 668
213, 669
213, 670
213, 671
213, 672
213, 673
342, 793
342, 794
342, 795
342, 796
342, 797
342, 798
342, 799
342, 800
342, 801
342, 802
86, 537
86, 538
86, 539
86, 540
86, 541
86, 542
86, 543
86, 544
86, 545
86, 546
214, 665
214, 666
214, 667
214, 668
214, 669
214, 670
214, 671
214, 672
214, 673
214, 674
343, 794
343, 795
343, 796
343, 797
343, 798
343, 799
343, 800
343, 801
343, 802
343, 803
87, 538
87, 539
87, 540
87, 541
87, 542
87, 543
87, 544
87, 545
87, 546
87, 547
215, 666
215, 667
215, 668
215, 669
215, 670
215, 671
215, 672
215, 673
215, 674
215, 675
344, 795
344, 796
344, 797
344, 798
344, 799
344, 800
344, 801
344, 802
344, 803
344, 804
88, 539
88, 540
88, 541
88, 542
88, 543
88, 544
88, 545
88, 546
88, 547
88, 548
216, 667
216, 668
216, 669
216, 670
216, 671
216, 672
216, 673
216, 674
216, 675
216, 676
345, 796
345, 797
345, 798
345, 799
345, 800
345, 801
345, 802
345, 803
345, 804
345, 805
89, 540
89, 541
89, 542
89, 543
89, 544
89, 545
89, 546
89, 547
89, 548
89, 549
217, 668
217, 669
217, 670
217, 671
217, 672
217, 673
217, 674
217, 675
217, 676
217, 677
346, 797
346, 798
346, 799
346, 800
346, 801
346, 802
346, 803
346, 804
346, 805
346, 806
90, 541
90, 542
90, 543
90, 544
90, 545
90, 546
90, 547
90, 548
90, 549
90, 550
218, 669
218, 670
218, 671
218, 672
218, 673
218, 674
218, 675
218, 676
218, 677
218, 678
347, 798
347, 799
347, 800
347, 801
347, 802
347, 803
347, 804
347, 805
347, 806
347, 807
91, 542
91, 543
91, 544
91, 545
91, 546
91, 547
91, 548
91, 549
91, 550
91, 551
219, 670
219, 671
219, 672
219, 673
219, 674
219, 675
219, 676
219, 677
219, 678
219, 679
348, 799
348, 800
348, 801
348, 802
348, 803
348, 804
348, 805
348, 806
348, 807
348, 808
92, 543
92, 544
92, 545
92, 546
92, 547
92, 548
92, 549
92, 550
92, 551
92, 552
220, 671
220, 672
220, 673
220, 674
220, 675
220, 676
220, 677
220, 678
220, 679
220, 680
349, 800
349, 801
349, 802
349, 803
349, 804
349, 805
349, 806
349, 807
349, 808
349, 809
93, 544
93, 545
93, 546
93, 547
93, 548
93, 549
93, 550
93, 551
93, 552
93, 553
221, 672
221, 673
221, 674
221, 675
221, 676
221, 677
221, 678
221, 679
221, 680
221, 681
350, 801
350, 802
350, 803
350, 804
350, 805
350, 806
350, 807
350, 808
350, 809
350, 810
94, 545
94, 546
94, 547
94, 548
94, 549
94, 550
94, 551
94, 552
94, 553
94, 554
222, 673
222, 674
222, 675
222, 676
222, 677
222, 678
222, 679
222, 680
222, 681
222, 682
351, 802
351, 803
351, 804
351, 805
351, 806
351, 807
351, 808
351, 809
351, 810
351, 811
95, 546
95, 547
95, 548
95, 549
95, 550
95, 551
95, 552
95, 553
95, 554
95, 555
223, 674
223, 675
223, 676
223, 677
223, 678
223, 679
223, 680
223, 681
223, 682
223, 683
352, 803
352, 804
352, 805
352, 806
352, 807
352, 808
352, 809
352, 810
352, 811
352, 812
96, 547
96, 548
96, 549
96, 550
96, 551
96, 552
96, 553
96, 554
96, 555
96, 556
224, 675
224, 676
224, 677
224, 678
224, 679
224, 680
224, 681
224, 682
224, 683
224, 684
353, 804
353, 805
353, 806
353, 807
353, 808
353, 809
353, 810
353, 811
353, 812
353, 813
97, 548
97, 549
97, 550
97, 551
97, 552
97, 553
97, 554
97, 555
97, 556
97, 557
225, 676
225, 677
225, 678
225, 679
225, 680
225, 681
225, 682
225, 683
225, 684
225, 685
354, 805
354, 806
354, 807
354, 808
354, 809
354, 810
354, 811
354, 812
354, 813
354, 814
98, 549
98, 550
98, 551
98, 552
98, 553
98, 554
98, 555
98, 556
98, 557
98, 558
226, 677
226, 678
226, 679
226, 680
226, 681
226, 682
226, 683
226, 684
226, 685
226, 686
355, 806
355, 807
355, 808
355, 809
355, 810
355, 811
355, 812
355, 813
355, 814
355, 815
99, 550
99, 551
99, 552
99, 553
99, 554
99, 555
99, 556
99, 557
99, 558
99, 559
227, 678
227, 679
227, 680
227, 681
227, 682
227, 683
227, 684
227, 685
227, 686
227, 687
356, 807
356, 808
356, 809
356, 810
356, 811
356, 812
356, 813
356, 814
356, 815
356, 816
100, 551
100, 552
100, 553
100, 554
100, 555
100, 556
100, 557
100, 558
100, 559
100, 560
228, 679
228, 680
228, 681
228, 682
228, 683
228, 684
228, 685
228, 686
228, 687
228, 688
357, 808
357, 809
357, 810
357, 811
357, 812
357, 813
357, 814
357, 815
357, 816
357, 817
101, 552
101, 553
101, 554
101, 555
101, 556
101, 557
101, 558
101, 559
101, 560
101, 561
229, 680
229, 681
229, 682
229, 683
229, 684
229, 685
229, 686
229, 687
229, 688
229, 689
358, 809
358, 810
358, 811
358, 812
358, 813
358, 814
358, 815
358, 816
358, 817
358, 818
102, 553
102, 554
102, 555
102, 556
102, 557
102, 558
102, 559
102, 560
102, 561
102, 562
230, 681
230, 682
230, 683
230, 684
230, 685
230, 686
230, 687
230, 688
230, 689
230, 690
359, 810
359, 811
359, 812
359, 813
359, 814
359, 815
359, 816
359, 817
359, 818
359, 819
103, 554
103, 555
103, 556
103, 557
103, 558
103, 559
103, 560
103, 561
103, 562
103, 563
231, 682
231, 683
231, 684
231, 685
231, 686
231, 687
231, 688
231, 689
231, 690
231, 691
360, 811
360, 812
360, 813
360, 814
360, 815
360, 816
360, 817
360, 818
360, 819
360, 820
104, 555
104, 556
104, 557
104, 558
104, 559
104, 560
104, 561
104, 562
104, 563
104, 564
232, 683
232, 684
232, 685
232, 686
232, 687
232, 688
232, 689
232, 690
232, 691
232, 692
361, 812
361, 813
361, 814
361, 815
361, 816
361, 817
361, 818
361, 819
361, 820
361, 821
105, 556
105, 557
105, 558
105, 559
105, 560
105, 561
105, 562
105, 563
105, 564
105, 565
233, 684
233, 685
233, 686
233, 687
233, 688
233, 689
233, 690
233, 691
233, 692
233, 693
362, 813
362, 814
362, 815
362, 816
362, 817
362, 818
362, 819
362, 820
362, 821
362, 822
106, 557
106, 558
106, 559
106, 560
106, 561
106, 562
106, 563
106, 564
106, 565
106, 566
234, 685
234, 686
234, 687
234, 688
234, 689
234, 690
234, 691
234, 692
234, 693
234, 694
363, 814
363, 815
363, 816
363, 817
363, 818
363, 819
363, 820
363, 821
363, 822
363, 823
107, 558
107, 559
107, 560
107, 561
107, 562
107, 563
107, 564
107, 565
107, 566
107, 567
235, 686
235, 687
235, 688
235, 689
235, 690
235, 691
235, 692
235, 693
235, 694
235, 695
364, 815
364, 816
364, 817
364, 818
364, 819
364, 820
364, 821
364, 822
364, 823
364, 824
108, 559
108, 560
108, 561
108, 562
108, 563
108, 564
108, 565
108, 566
108, 567
108, 568
236, 687
236, 688
236, 689
236, 690
236, 691
236, 692
236, 693
236, 694
236, 695
236, 696
365, 816
365, 817
365, 818
365, 819
365, 820
365, 821
365, 822
365, 823
365, 824
365, 825
109, 560
109, 561
109, 562
109, 563
109, 564
109, 565
109, 566
109, 567
109, 568
109, 569
237, 688
237, 689
237, 690
237, 691
237, 692
237, 693
237, 694
237, 695
237, 696
237, 697
366, 817
366, 818
366, 819
366, 820
366, 821
366, 822
366, 823
366, 824
366, 825
366, 826
110, 561
110, 562
110, 563
110, 564
110, 565
110, 566
110, 567
110, 568
110, 569
110, 570
238, 689
238, 690
238, 691
238, 692
238, 693
238, 694
238, 695
238, 696
238, 697
238, 698
367, 818
367, 819
367, 820
367, 821
367, 822
367, 823
367, 824
367, 825
367, 826
367, 827
111, 562
111, 563
111, 564
111, 565
111, 566
111, 567
111, 568
111, 569
111, 570
111, 571
239, 690
239, 691
239, 692
239, 693
239, 694
239, 695
239, 696
239, 697
239, 698
239, 699
368, 819
368, 820
368, 821
368, 822
368, 823
368, 824
368, 825
368, 826
368, 827
368, 828
112, 563
112, 564
112, 565
112, 566
112, 567
112, 568
112, 569
112, 570
112, 571
112, 572
240, 691
240, 692
240, 693
240, 694
240, 695
240, 696
240, 697
240, 698
240, 699
240, 700
369, 820
369, 821
369, 822
369, 823
369, 824
369, 825
369, 826
369, 827
369, 828
369, 829
113, 564
113, 565
113, 566
113, 567
113, 568
113, 569
113, 570
113, 571
113, 572
113, 573
241, 692
241, 693
241, 694
241, 695
241, 696
241, 697
241, 698
241, 699
241, 700
241, 701
370, 821
370, 822
370, 823
370, 824
370, 825
370, 826
370, 827
370, 828
370, 829
370, 830
114, 565
114, 566
114, 567
114, 568
114, 569
114, 570
114, 571
114, 572
114, 573
114, 574
242, 693
242, 694
242, 695
242, 696
242, 697
242, 698
242, 699
242, 700
242, 701
242, 702
371, 822
371, 823
371, 824
371, 825
371, 826
371, 827
371, 828
371, 829
371, 830
371, 831
115, 566
115, 567
115, 568
115, 569
115, 570
115, 571
115, 572
115, 573
115, 574
115, 575
243, 694
243, 695
243, 696
243, 697
243, 698
243, 699
243, 700
243, 701
243, 702
243, 703
372, 832
372, 823
372, 824
372, 825
372, 826
372, 827
372, 828
372, 829
372, 830
372, 831
116, 576
116, 567
116, 568
116, 569
116, 570
116, 571
116, 572
116, 573
116, 574
116, 575
244, 704
244, 695
244, 696
244, 697
244, 698
244, 699
244, 700
244, 701
244, 702
244, 703
373, 832
373, 833
373, 824
373, 825
373, 826
373, 827
373, 828
373, 829
373, 830
373, 831
117, 576
117, 577
117, 568
117, 569
117, 570
117, 571
117, 572
117, 573
117, 574
117, 575
245, 704
245, 705
245, 696
245, 697
245, 698
245, 699
245, 700
245, 701
245, 702
245, 703
374, 832
374, 833
374, 834
374, 825
374, 826
374, 827
374, 828
374, 829
374, 830
374, 831
118, 576
118, 577
118, 578
118, 569
118, 570
118, 571
118, 572
118, 573
118, 574
118, 575
246, 704
246, 705
246, 706
246, 697
246, 698
246, 699
246, 700
246, 701
246, 702
246, 703
375, 832
375, 833
375, 834
375, 835
375, 826
375, 827
375, 828
375, 829
375, 830
375, 831
119, 576
119, 577
119, 578
119, 579
119, 570
119, 571
119, 572
119, 573
119, 574
119, 575
247, 704
247, 705
247, 706
247, 707
247, 698
247, 699
247, 700
247, 701
247, 702
247, 703
376, 832
376, 833
376, 834
376, 835
376, 836
376, 827
376, 828
376, 829
376, 830
376, 831
120, 576
120, 577
120, 578
120, 579
120, 580
120, 571
120, 572
120, 573
120, 574
120, 575
248, 704
248, 705
248, 706
248, 707
248, 708
248, 699
248, 700
248, 701
248, 702
248, 703
377, 832
377, 833
377, 834
377, 835
377, 836
377, 837
377, 828
377, 829
377, 830
377, 831
121, 576
121, 577
121, 578
121, 579
121, 580
121, 581
121, 572
121, 573
121, 574
121, 575
249, 704
249, 705
249, 706
249, 707
249, 708
249, 709
249, 700
249, 701
249, 702
249, 703
378, 832
378, 833
378, 834
378, 835
378, 836
378, 837
378, 838
378, 829
378, 830
378, 831
122, 576
122, 577
122, 578
122, 579
122, 580
122, 581
122, 582
122, 573
122, 574
122, 575
250, 704
250, 705
250, 706
250, 707
250, 708
250, 709
250, 710
250, 701
250, 702
250, 703
379, 832
379, 833
379, 834
379, 835
379, 836
379, 837
379, 838
379, 839
379, 830
379, 831
123, 576
123, 577
123, 578
123, 579
123, 580
123, 581
123, 582
123, 583
123, 574
123, 575
251, 704
251, 705
251, 706
251, 707
251, 708
251, 709
251, 710
251, 711
251, 702
251, 703
380, 832
380, 833
380, 834
380, 835
380, 836
380, 837
380, 838
380, 839
380, 840
380, 831
124, 576
124, 577
124, 578
124, 579
124, 580
124, 581
124, 582
124, 583
124, 584
124, 575
252, 704
252, 705
252, 706
252, 707
252, 708
252, 709
252, 710
252, 711
252, 712
252, 703
381, 832
381, 833
381, 834
381, 835
381, 836
381, 837
381, 838
381, 839
381, 840
381, 841
125, 576
125, 577
125, 578
125, 579
125, 580
125, 581
125, 582
125, 583
125, 584
125, 585
253, 704
253, 705
253, 706
253, 707
253, 708
253, 709
253, 710
253, 711
253, 712
253, 713
382, 833
382, 834
382, 835
382, 836
382, 837
382, 838
382, 839
382, 840
382, 841
382, 842
126, 577
126, 578
126, 579
126, 580
126, 581
126, 582
126, 583
126, 584
126, 585
126, 586
254, 705
254, 706
254, 707
254, 708
254, 709
254, 710
254, 711
254, 712
254, 713
254, 714
383, 834
383, 835
383, 836
383, 837
383, 838
383, 839
383, 840
383, 841
383, 842
383, 843
127, 578
127, 579
127, 580
127, 581
127, 582
127, 583
127, 584
127, 585
127, 586
127, 587
255, 706
255, 707
255, 708
255, 709
255, 710
255, 711
255, 712
255, 713
255, 714
255, 715
