LoadRulesRealTime,LoadRulesCPUTime,LoadFactsRealTime,LoadFactsCPUTime,GroundRealTime,GroundCPUTime,QueryRealTime,QueryCPUTime,WriteRealTime,WriteCPUTime
0.0,0.0,0.06999993324279785,0.07,0.6200001239776611,0.6200000000000001,0.09999990463256836,0.08999999999999987,1.0400002002716064,1.0600000000000003
0.0,0.0,0.07999992370605469,0.08000000000000002,0.6000001430511475,0.6000000000000001,0.09999990463256836,0.09999999999999987,1.0400002002716064,1.04
0.0,0.0,0.07999992370605469,0.07,0.5800001621246338,0.5800000000000001,0.09999990463256836,0.09000000000000008,1.0400002002716064,1.0499999999999998
0.0,0.0,0.06999993324279785,0.08000000000000002,0.6500000953674316,0.6100000000000001,0.09999990463256836,0.09999999999999987,1.0400002002716064,1.0300000000000002
0.0,0.0,0.08000016212463379,0.08000000000000002,0.6099998950958252,0.6100000000000001,0.10000014305114746,0.09999999999999988,1.0399997234344482,1.04
Average,0.0,0.0,0.07599997520446777,0.07600000000000001,0.6120000839233398,0.6040000000000001,0.09999995231628418,0.0959999999999999,1.0400001049041747,1.044
