DeleteDataRealTime,DeleteDataCPUTime,LoadDataRealTime,LoadDataCPUTime,CreateIndexXRealTime,CreateIndexXCPUTime,CreateIndexYRealTime,CreateIndexYCPUTime,QueryRealTime,QueryCPUTime,WriteResultRealTime,WriteResultCPUTime
0.3486184579960536,0.0024190000000000045,0.802827207982773,0.0027920000000000167,0.06181729197851382,0.0009379999999999944,0,0,0.07306483300635591,0.0004069999999999907,91.05560691602295,54.145213
0.08455112500814721,0.0020319999999999783,0.1924598340119701,0.0006809999999999872,0.07938033301616088,0.002842000000000011,0,0,0.001893125008791685,0.0009750000000000036,90.92338516699965,53.768729
0.060361290990840644,0.0021820000000000173,0.20413179200841114,0.0006809999999999872,0.061824459000490606,0.0026189999999999825,0,0,0.0015431659994646907,0.0009639999999999649,90.68746170899249,54.329128
0.06293979100883007,0.0022529999999999495,0.15161429101135582,0.0004770000000000052,0.05273975001182407,0.0025259999999999727,0,0,0.0015395839873235673,0.0009290000000000131,90.45974158399622,54.024966
0.06013466700096615,0.0021809999999999885,0.1733663340273779,0.0005729999999999902,0.04804400002467446,0.002754000000000034,0,0,0.0018139580206479877,0.001214999999999966,90.33440408398747,53.840958
Average,0.12332106640096754,0.0022133999999999878,0.3048798918083776,0.0010407999999999973,0.06076116680633277,0.002335799999999999,0.0,0.0,0.015970933204516768,0.0008979999999999877,90.69211989199975,54.0217988
