Query: query1
128, 198
128, 188
128, 178
128, 168
128, 158
128, 148
128, 138
64, 194
64, 134
64, 74
64, 144
64, 84
64, 154
64, 94
64, 164
64, 104
64, 174
64, 114
64, 184
64, 124
129, 199
129, 189
129, 179
129, 169
129, 159
129, 149
129, 139
65, 195
65, 135
65, 75
65, 145
65, 85
65, 155
65, 95
65, 165
65, 105
65, 175
65, 115
65, 185
65, 125
1, 131
1, 71
1, 11
1, 141
1, 81
1, 21
1, 151
1, 91
1, 31
1, 161
1, 101
1, 41
1, 171
1, 111
1, 51
1, 181
1, 121
1, 61
1, 191
130, 200
130, 190
130, 180
130, 170
130, 160
130, 150
130, 140
66, 196
66, 136
66, 76
66, 146
66, 86
66, 156
66, 96
66, 166
66, 106
66, 176
66, 116
66, 186
66, 126
2, 192
2, 132
2, 72
2, 12
2, 142
2, 82
2, 22
2, 152
2, 92
2, 32
2, 162
2, 102
2, 42
2, 172
2, 112
2, 52
2, 182
2, 122
2, 62
131, 191
131, 181
131, 171
131, 161
131, 151
131, 141
67, 197
67, 137
67, 77
67, 147
67, 87
67, 157
67, 97
67, 167
67, 107
67, 177
67, 117
67, 187
67, 127
3, 193
3, 133
3, 73
3, 13
3, 143
3, 83
3, 23
3, 153
3, 93
3, 33
3, 163
3, 103
3, 43
3, 173
3, 113
3, 53
3, 183
3, 123
3, 63
132, 192
132, 182
132, 172
132, 162
132, 152
132, 142
68, 128
68, 198
68, 138
68, 78
68, 148
68, 88
68, 158
68, 98
68, 168
68, 108
68, 178
68, 118
68, 188
4, 64
4, 194
4, 134
4, 74
4, 14
4, 144
4, 84
4, 24
4, 154
4, 94
4, 34
4, 164
4, 104
4, 44
4, 174
4, 114
4, 54
4, 184
4, 124
133, 193
133, 183
133, 173
133, 163
133, 153
133, 143
69, 129
69, 199
69, 139
69, 79
69, 149
69, 89
69, 159
69, 99
69, 169
69, 109
69, 179
69, 119
69, 189
5, 65
5, 195
5, 135
5, 75
5, 15
5, 145
5, 85
5, 25
5, 155
5, 95
5, 35
5, 165
5, 105
5, 45
5, 175
5, 115
5, 55
5, 185
5, 125
134, 194
134, 184
134, 174
134, 164
134, 154
134, 144
70, 130
70, 200
70, 140
70, 80
70, 150
70, 90
70, 160
70, 100
70, 170
70, 110
70, 180
70, 120
70, 190
6, 66
6, 196
6, 136
6, 76
6, 16
6, 146
6, 86
6, 26
6, 156
6, 96
6, 36
6, 166
6, 106
6, 46
6, 176
6, 116
6, 56
6, 186
6, 126
135, 195
135, 185
135, 175
135, 165
135, 155
135, 145
71, 131
71, 141
71, 81
71, 151
71, 91
71, 161
71, 101
71, 171
71, 111
71, 181
71, 121
71, 191
7, 67
7, 197
7, 137
7, 77
7, 17
7, 147
7, 87
7, 27
7, 157
7, 97
7, 37
7, 167
7, 107
7, 47
7, 177
7, 117
7, 57
7, 187
7, 127
136, 196
136, 186
136, 176
136, 166
136, 156
136, 146
72, 192
72, 132
72, 142
72, 82
72, 152
72, 92
72, 162
72, 102
72, 172
72, 112
72, 182
72, 122
8, 128
8, 68
8, 198
8, 138
8, 78
8, 18
8, 148
8, 88
8, 28
8, 158
8, 98
8, 38
8, 168
8, 108
8, 48
8, 178
8, 118
8, 58
8, 188
137, 197
137, 187
137, 177
137, 167
137, 157
137, 147
73, 193
73, 133
73, 143
73, 83
73, 153
73, 93
73, 163
73, 103
73, 173
73, 113
73, 183
73, 123
9, 129
9, 69
9, 199
9, 139
9, 79
9, 19
9, 149
9, 89
9, 29
9, 159
9, 99
9, 39
9, 169
9, 109
9, 49
9, 179
9, 119
9, 59
9, 189
138, 198
138, 188
138, 178
138, 168
138, 158
138, 148
74, 194
74, 134
74, 144
74, 84
74, 154
74, 94
74, 164
74, 104
74, 174
74, 114
74, 184
74, 124
10, 130
10, 70
10, 200
10, 140
10, 80
10, 20
10, 150
10, 90
10, 30
10, 160
10, 100
10, 40
10, 170
10, 110
10, 50
10, 180
10, 120
10, 60
10, 190
139, 199
139, 189
139, 179
139, 169
139, 159
139, 149
75, 195
75, 135
75, 145
75, 85
75, 155
75, 95
75, 165
75, 105
75, 175
75, 115
75, 185
75, 125
11, 131
11, 71
11, 141
11, 81
11, 21
11, 151
11, 91
11, 31
11, 161
11, 101
11, 41
11, 171
11, 111
11, 51
11, 181
11, 121
11, 61
11, 191
140, 200
140, 190
140, 180
140, 170
140, 160
140, 150
76, 196
76, 136
76, 146
76, 86
76, 156
76, 96
76, 166
76, 106
76, 176
76, 116
76, 186
76, 126
12, 192
12, 132
12, 72
12, 142
12, 82
12, 22
12, 152
12, 92
12, 32
12, 162
12, 102
12, 42
12, 172
12, 112
12, 52
12, 182
12, 122
12, 62
141, 191
141, 181
141, 171
141, 161
141, 151
77, 197
77, 137
77, 147
77, 87
77, 157
77, 97
77, 167
77, 107
77, 177
77, 117
77, 187
77, 127
13, 193
13, 133
13, 73
13, 143
13, 83
13, 23
13, 153
13, 93
13, 33
13, 163
13, 103
13, 43
13, 173
13, 113
13, 53
13, 183
13, 123
13, 63
142, 192
142, 182
142, 172
142, 162
142, 152
78, 128
78, 198
78, 138
78, 148
78, 88
78, 158
78, 98
78, 168
78, 108
78, 178
78, 118
78, 188
14, 64
14, 194
14, 134
14, 74
14, 144
14, 84
14, 24
14, 154
14, 94
14, 34
14, 164
14, 104
14, 44
14, 174
14, 114
14, 54
14, 184
14, 124
143, 193
143, 183
143, 173
143, 163
143, 153
79, 129
79, 199
79, 139
79, 149
79, 89
79, 159
79, 99
79, 169
79, 109
79, 179
79, 119
79, 189
15, 65
15, 195
15, 135
15, 75
15, 145
15, 85
15, 25
15, 155
15, 95
15, 35
15, 165
15, 105
15, 45
15, 175
15, 115
15, 55
15, 185
15, 125
144, 194
144, 184
144, 174
144, 164
144, 154
80, 130
80, 200
80, 140
80, 150
80, 90
80, 160
80, 100
80, 170
80, 110
80, 180
80, 120
80, 190
16, 66
16, 196
16, 136
16, 76
16, 146
16, 86
16, 26
16, 156
16, 96
16, 36
16, 166
16, 106
16, 46
16, 176
16, 116
16, 56
16, 186
16, 126
145, 195
145, 185
145, 175
145, 165
145, 155
81, 131
81, 141
81, 151
81, 91
81, 161
81, 101
81, 171
81, 111
81, 181
81, 121
81, 191
17, 67
17, 197
17, 137
17, 77
17, 147
17, 87
17, 27
17, 157
17, 97
17, 37
17, 167
17, 107
17, 47
17, 177
17, 117
17, 57
17, 187
17, 127
146, 196
146, 186
146, 176
146, 166
146, 156
82, 192
82, 132
82, 142
82, 152
82, 92
82, 162
82, 102
82, 172
82, 112
82, 182
82, 122
18, 128
18, 68
18, 198
18, 138
18, 78
18, 148
18, 88
18, 28
18, 158
18, 98
18, 38
18, 168
18, 108
18, 48
18, 178
18, 118
18, 58
18, 188
147, 197
147, 187
147, 177
147, 167
147, 157
83, 193
83, 133
83, 143
83, 153
83, 93
83, 163
83, 103
83, 173
83, 113
83, 183
83, 123
19, 129
19, 69
19, 199
19, 139
19, 79
19, 149
19, 89
19, 29
19, 159
19, 99
19, 39
19, 169
19, 109
19, 49
19, 179
19, 119
19, 59
19, 189
148, 198
148, 188
148, 178
148, 168
148, 158
84, 194
84, 134
84, 144
84, 154
84, 94
84, 164
84, 104
84, 174
84, 114
84, 184
84, 124
20, 130
20, 70
20, 200
20, 140
20, 80
20, 150
20, 90
20, 30
20, 160
20, 100
20, 40
20, 170
20, 110
20, 50
20, 180
20, 120
20, 60
20, 190
149, 199
149, 189
149, 179
149, 169
149, 159
85, 195
85, 135
85, 145
85, 155
85, 95
85, 165
85, 105
85, 175
85, 115
85, 185
85, 125
21, 131
21, 71
21, 141
21, 81
21, 151
21, 91
21, 31
21, 161
21, 101
21, 41
21, 171
21, 111
21, 51
21, 181
21, 121
21, 61
21, 191
150, 200
150, 190
150, 180
150, 170
150, 160
86, 196
86, 136
86, 146
86, 156
86, 96
86, 166
86, 106
86, 176
86, 116
86, 186
86, 126
22, 192
22, 132
22, 72
22, 142
22, 82
22, 152
22, 92
22, 32
22, 162
22, 102
22, 42
22, 172
22, 112
22, 52
22, 182
22, 122
22, 62
151, 191
151, 181
151, 171
151, 161
87, 197
87, 137
87, 147
87, 157
87, 97
87, 167
87, 107
87, 177
87, 117
87, 187
87, 127
23, 193
23, 133
23, 73
23, 143
23, 83
23, 153
23, 93
23, 33
23, 163
23, 103
23, 43
23, 173
23, 113
23, 53
23, 183
23, 123
23, 63
152, 192
152, 182
152, 172
152, 162
88, 128
88, 198
88, 138
88, 148
88, 158
88, 98
88, 168
88, 108
88, 178
88, 118
88, 188
24, 64
24, 194
24, 134
24, 74
24, 144
24, 84
24, 154
24, 94
24, 34
24, 164
24, 104
24, 44
24, 174
24, 114
24, 54
24, 184
24, 124
153, 193
153, 183
153, 173
153, 163
89, 129
89, 199
89, 139
89, 149
89, 159
89, 99
89, 169
89, 109
89, 179
89, 119
89, 189
25, 65
25, 195
25, 135
25, 75
25, 145
25, 85
25, 155
25, 95
25, 35
25, 165
25, 105
25, 45
25, 175
25, 115
25, 55
25, 185
25, 125
154, 194
154, 184
154, 174
154, 164
90, 130
90, 200
90, 140
90, 150
90, 160
90, 100
90, 170
90, 110
90, 180
90, 120
90, 190
26, 66
26, 196
26, 136
26, 76
26, 146
26, 86
26, 156
26, 96
26, 36
26, 166
26, 106
26, 46
26, 176
26, 116
26, 56
26, 186
26, 126
155, 195
155, 185
155, 175
155, 165
91, 131
91, 141
91, 151
91, 161
91, 101
91, 171
91, 111
91, 181
91, 121
91, 191
27, 67
27, 197
27, 137
27, 77
27, 147
27, 87
27, 157
27, 97
27, 37
27, 167
27, 107
27, 47
27, 177
27, 117
27, 57
27, 187
27, 127
156, 196
156, 186
156, 176
156, 166
92, 192
92, 132
92, 142
92, 152
92, 162
92, 102
92, 172
92, 112
92, 182
92, 122
28, 128
28, 68
28, 198
28, 138
28, 78
28, 148
28, 88
28, 158
28, 98
28, 38
28, 168
28, 108
28, 48
28, 178
28, 118
28, 58
28, 188
157, 197
157, 187
157, 177
157, 167
93, 193
93, 133
93, 143
93, 153
93, 163
93, 103
93, 173
93, 113
93, 183
93, 123
29, 129
29, 69
29, 199
29, 139
29, 79
29, 149
29, 89
29, 159
29, 99
29, 39
29, 169
29, 109
29, 49
29, 179
29, 119
29, 59
29, 189
158, 198
158, 188
158, 178
158, 168
94, 194
94, 134
94, 144
94, 154
94, 164
94, 104
94, 174
94, 114
94, 184
94, 124
30, 130
30, 70
30, 200
30, 140
30, 80
30, 150
30, 90
30, 160
30, 100
30, 40
30, 170
30, 110
30, 50
30, 180
30, 120
30, 60
30, 190
159, 199
159, 189
159, 179
159, 169
95, 195
95, 135
95, 145
95, 155
95, 165
95, 105
95, 175
95, 115
95, 185
95, 125
31, 131
31, 71
31, 141
31, 81
31, 151
31, 91
31, 161
31, 101
31, 41
31, 171
31, 111
31, 51
31, 181
31, 121
31, 61
31, 191
160, 200
160, 190
160, 180
160, 170
96, 196
96, 136
96, 146
96, 156
96, 166
96, 106
96, 176
96, 116
96, 186
96, 126
32, 192
32, 132
32, 72
32, 142
32, 82
32, 152
32, 92
32, 162
32, 102
32, 42
32, 172
32, 112
32, 52
32, 182
32, 122
32, 62
161, 191
161, 181
161, 171
97, 197
97, 137
97, 147
97, 157
97, 167
97, 107
97, 177
97, 117
97, 187
97, 127
33, 193
33, 133
33, 73
33, 143
33, 83
33, 153
33, 93
33, 163
33, 103
33, 43
33, 173
33, 113
33, 53
33, 183
33, 123
33, 63
162, 192
162, 182
162, 172
98, 128
98, 198
98, 138
98, 148
98, 158
98, 168
98, 108
98, 178
98, 118
98, 188
34, 64
34, 194
34, 134
34, 74
34, 144
34, 84
34, 154
34, 94
34, 164
34, 104
34, 44
34, 174
34, 114
34, 54
34, 184
34, 124
163, 193
163, 183
163, 173
99, 129
99, 199
99, 139
99, 149
99, 159
99, 169
99, 109
99, 179
99, 119
99, 189
35, 65
35, 195
35, 135
35, 75
35, 145
35, 85
35, 155
35, 95
35, 165
35, 105
35, 45
35, 175
35, 115
35, 55
35, 185
35, 125
164, 194
164, 184
164, 174
100, 130
100, 200
100, 140
100, 150
100, 160
100, 170
100, 110
100, 180
100, 120
100, 190
36, 66
36, 196
36, 136
36, 76
36, 146
36, 86
36, 156
36, 96
36, 166
36, 106
36, 46
36, 176
36, 116
36, 56
36, 186
36, 126
165, 195
165, 185
165, 175
101, 131
101, 141
101, 151
101, 161
101, 171
101, 111
101, 181
101, 121
101, 191
37, 67
37, 197
37, 137
37, 77
37, 147
37, 87
37, 157
37, 97
37, 167
37, 107
37, 47
37, 177
37, 117
37, 57
37, 187
37, 127
166, 196
166, 186
166, 176
102, 192
102, 132
102, 142
102, 152
102, 162
102, 172
102, 112
102, 182
102, 122
38, 128
38, 68
38, 198
38, 138
38, 78
38, 148
38, 88
38, 158
38, 98
38, 168
38, 108
38, 48
38, 178
38, 118
38, 58
38, 188
167, 197
167, 187
167, 177
103, 193
103, 133
103, 143
103, 153
103, 163
103, 173
103, 113
103, 183
103, 123
39, 129
39, 69
39, 199
39, 139
39, 79
39, 149
39, 89
39, 159
39, 99
39, 169
39, 109
39, 49
39, 179
39, 119
39, 59
39, 189
168, 198
168, 188
168, 178
104, 194
104, 134
104, 144
104, 154
104, 164
104, 174
104, 114
104, 184
104, 124
40, 130
40, 70
40, 200
40, 140
40, 80
40, 150
40, 90
40, 160
40, 100
40, 170
40, 110
40, 50
40, 180
40, 120
40, 60
40, 190
169, 199
169, 189
169, 179
105, 195
105, 135
105, 145
105, 155
105, 165
105, 175
105, 115
105, 185
105, 125
41, 131
41, 71
41, 141
41, 81
41, 151
41, 91
41, 161
41, 101
41, 171
41, 111
41, 51
41, 181
41, 121
41, 61
41, 191
170, 200
170, 190
170, 180
106, 196
106, 136
106, 146
106, 156
106, 166
106, 176
106, 116
106, 186
106, 126
42, 192
42, 132
42, 72
42, 142
42, 82
42, 152
42, 92
42, 162
42, 102
42, 172
42, 112
42, 52
42, 182
42, 122
42, 62
171, 191
171, 181
107, 197
107, 137
107, 147
107, 157
107, 167
107, 177
107, 117
107, 187
107, 127
43, 193
43, 133
43, 73
43, 143
43, 83
43, 153
43, 93
43, 163
43, 103
43, 173
43, 113
43, 53
43, 183
43, 123
43, 63
172, 192
172, 182
108, 128
108, 198
108, 138
108, 148
108, 158
108, 168
108, 178
108, 118
108, 188
44, 64
44, 194
44, 134
44, 74
44, 144
44, 84
44, 154
44, 94
44, 164
44, 104
44, 174
44, 114
44, 54
44, 184
44, 124
173, 193
173, 183
109, 129
109, 199
109, 139
109, 149
109, 159
109, 169
109, 179
109, 119
109, 189
45, 65
45, 195
45, 135
45, 75
45, 145
45, 85
45, 155
45, 95
45, 165
45, 105
45, 175
45, 115
45, 55
45, 185
45, 125
174, 194
174, 184
110, 130
110, 200
110, 140
110, 150
110, 160
110, 170
110, 180
110, 120
110, 190
46, 66
46, 196
46, 136
46, 76
46, 146
46, 86
46, 156
46, 96
46, 166
46, 106
46, 176
46, 116
46, 56
46, 186
46, 126
175, 195
175, 185
111, 191
111, 181
111, 171
111, 161
111, 151
111, 141
111, 131
111, 121
47, 67
47, 197
47, 137
47, 77
47, 147
47, 87
47, 157
47, 97
47, 167
47, 107
47, 177
47, 117
47, 57
47, 187
47, 127
176, 196
176, 186
112, 192
112, 182
112, 172
112, 162
112, 152
112, 142
112, 132
112, 122
48, 128
48, 68
48, 198
48, 138
48, 78
48, 148
48, 88
48, 158
48, 98
48, 168
48, 108
48, 178
48, 118
48, 58
48, 188
177, 197
177, 187
113, 193
113, 183
113, 173
113, 163
113, 153
113, 143
113, 133
113, 123
49, 129
49, 69
49, 199
49, 139
49, 79
49, 149
49, 89
49, 159
49, 99
49, 169
49, 109
49, 179
49, 119
49, 59
49, 189
178, 198
178, 188
114, 194
114, 184
114, 174
114, 164
114, 154
114, 144
114, 134
114, 124
50, 130
50, 70
50, 200
50, 140
50, 80
50, 150
50, 90
50, 160
50, 100
50, 170
50, 110
50, 180
50, 120
50, 60
50, 190
179, 199
179, 189
115, 195
115, 185
115, 175
115, 165
115, 155
115, 145
115, 135
115, 125
51, 131
51, 71
51, 141
51, 81
51, 151
51, 91
51, 161
51, 101
51, 171
51, 111
51, 181
51, 121
51, 61
51, 191
180, 200
180, 190
116, 196
116, 186
116, 176
116, 166
116, 156
116, 146
116, 136
116, 126
52, 192
52, 132
52, 72
52, 142
52, 82
52, 152
52, 92
52, 162
52, 102
52, 172
52, 112
52, 182
52, 122
52, 62
181, 191
117, 197
117, 187
117, 177
117, 167
117, 157
117, 147
117, 137
117, 127
53, 193
53, 133
53, 73
53, 143
53, 83
53, 153
53, 93
53, 163
53, 103
53, 173
53, 113
53, 183
53, 123
53, 63
182, 192
118, 198
118, 188
118, 178
118, 168
118, 158
118, 148
118, 138
118, 128
54, 64
54, 194
54, 134
54, 74
54, 144
54, 84
54, 154
54, 94
54, 164
54, 104
54, 174
54, 114
54, 184
54, 124
183, 193
119, 199
119, 189
119, 179
119, 169
119, 159
119, 149
119, 139
119, 129
55, 65
55, 195
55, 135
55, 75
55, 145
55, 85
55, 155
55, 95
55, 165
55, 105
55, 175
55, 115
55, 185
55, 125
184, 194
120, 200
120, 190
120, 180
120, 170
120, 160
120, 150
120, 140
120, 130
56, 66
56, 196
56, 136
56, 76
56, 146
56, 86
56, 156
56, 96
56, 166
56, 106
56, 176
56, 116
56, 186
56, 126
185, 195
121, 191
121, 181
121, 171
121, 161
121, 151
121, 141
121, 131
57, 67
57, 197
57, 137
57, 77
57, 147
57, 87
57, 157
57, 97
57, 167
57, 107
57, 177
57, 117
57, 187
57, 127
186, 196
122, 192
122, 182
122, 172
122, 162
122, 152
122, 142
122, 132
58, 128
58, 68
58, 198
58, 138
58, 78
58, 148
58, 88
58, 158
58, 98
58, 168
58, 108
58, 178
58, 118
58, 188
187, 197
123, 193
123, 183
123, 173
123, 163
123, 153
123, 143
123, 133
59, 129
59, 69
59, 199
59, 139
59, 79
59, 149
59, 89
59, 159
59, 99
59, 169
59, 109
59, 179
59, 119
59, 189
188, 198
124, 194
124, 184
124, 174
124, 164
124, 154
124, 144
124, 134
60, 130
60, 70
60, 200
60, 140
60, 80
60, 150
60, 90
60, 160
60, 100
60, 170
60, 110
60, 180
60, 120
60, 190
189, 199
125, 195
125, 185
125, 175
125, 165
125, 155
125, 145
125, 135
61, 131
61, 71
61, 141
61, 81
61, 151
61, 91
61, 161
61, 101
61, 171
61, 111
61, 181
61, 121
61, 191
190, 200
126, 196
126, 186
126, 176
126, 166
126, 156
126, 146
126, 136
62, 192
62, 132
62, 72
62, 142
62, 82
62, 152
62, 92
62, 162
62, 102
62, 172
62, 112
62, 182
62, 122
127, 197
127, 187
127, 177
127, 167
127, 157
127, 147
127, 137
63, 193
63, 133
63, 73
63, 143
63, 83
63, 153
63, 93
63, 163
63, 103
63, 173
63, 113
63, 183
63, 123
