Query: query1
128, 256
128, 257
128, 258
128, 259
128, 260
128, 251
128, 252
128, 253
128, 254
128, 255
256, 260
256, 259
256, 258
256, 257
1, 256
1, 257
1, 258
1, 259
1, 260
1, 251
1, 252
1, 253
1, 254
1, 255
129, 256
129, 257
129, 258
129, 259
129, 260
129, 251
129, 252
129, 253
129, 254
129, 255
257, 260
257, 259
257, 258
258, 260
258, 259
2, 256
2, 257
2, 258
2, 259
2, 260
2, 251
2, 252
2, 253
2, 254
2, 255
130, 256
130, 257
130, 258
130, 259
130, 260
130, 251
130, 252
130, 253
130, 254
130, 255
259, 260
3, 256
3, 257
3, 258
3, 259
3, 260
3, 251
3, 252
3, 253
3, 254
3, 255
131, 256
131, 257
131, 258
131, 259
131, 260
131, 251
131, 252
131, 253
131, 254
131, 255
4, 256
4, 257
4, 258
4, 259
4, 260
4, 251
4, 252
4, 253
4, 254
4, 255
132, 256
132, 257
132, 258
132, 259
132, 260
132, 251
132, 252
132, 253
132, 254
132, 255
5, 256
5, 257
5, 258
5, 259
5, 260
5, 251
5, 252
5, 253
5, 254
5, 255
133, 256
133, 257
133, 258
133, 259
133, 260
133, 251
133, 252
133, 253
133, 254
133, 255
6, 256
6, 257
6, 258
6, 259
6, 260
6, 251
6, 252
6, 253
6, 254
6, 255
134, 256
134, 257
134, 258
134, 259
134, 260
134, 251
134, 252
134, 253
134, 254
134, 255
7, 256
7, 257
7, 258
7, 259
7, 260
7, 251
7, 252
7, 253
7, 254
7, 255
135, 256
135, 257
135, 258
135, 259
135, 260
135, 251
135, 252
135, 253
135, 254
135, 255
8, 256
8, 257
8, 258
8, 259
8, 260
8, 251
8, 252
8, 253
8, 254
8, 255
136, 256
136, 257
136, 258
136, 259
136, 260
136, 251
136, 252
136, 253
136, 254
136, 255
9, 256
9, 257
9, 258
9, 259
9, 260
9, 251
9, 252
9, 253
9, 254
9, 255
137, 256
137, 257
137, 258
137, 259
137, 260
137, 251
137, 252
137, 253
137, 254
137, 255
10, 256
10, 257
10, 258
10, 259
10, 260
10, 251
10, 252
10, 253
10, 254
10, 255
138, 256
138, 257
138, 258
138, 259
138, 260
138, 251
138, 252
138, 253
138, 254
138, 255
11, 256
11, 257
11, 258
11, 259
11, 260
11, 251
11, 252
11, 253
11, 254
11, 255
139, 256
139, 257
139, 258
139, 259
139, 260
139, 251
139, 252
139, 253
139, 254
139, 255
12, 256
12, 257
12, 258
12, 259
12, 260
12, 251
12, 252
12, 253
12, 254
12, 255
140, 256
140, 257
140, 258
140, 259
140, 260
140, 251
140, 252
140, 253
140, 254
140, 255
13, 256
13, 257
13, 258
13, 259
13, 260
13, 251
13, 252
13, 253
13, 254
13, 255
141, 256
141, 257
141, 258
141, 259
141, 260
141, 251
141, 252
141, 253
141, 254
141, 255
14, 256
14, 257
14, 258
14, 259
14, 260
14, 251
14, 252
14, 253
14, 254
14, 255
142, 256
142, 257
142, 258
142, 259
142, 260
142, 251
142, 252
142, 253
142, 254
142, 255
15, 256
15, 257
15, 258
15, 259
15, 260
15, 251
15, 252
15, 253
15, 254
15, 255
143, 256
143, 257
143, 258
143, 259
143, 260
143, 251
143, 252
143, 253
143, 254
143, 255
16, 256
16, 257
16, 258
16, 259
16, 260
16, 251
16, 252
16, 253
16, 254
16, 255
144, 256
144, 257
144, 258
144, 259
144, 260
144, 251
144, 252
144, 253
144, 254
144, 255
17, 256
17, 257
17, 258
17, 259
17, 260
17, 251
17, 252
17, 253
17, 254
17, 255
145, 256
145, 257
145, 258
145, 259
145, 260
145, 251
145, 252
145, 253
145, 254
145, 255
18, 256
18, 257
18, 258
18, 259
18, 260
18, 251
18, 252
18, 253
18, 254
18, 255
146, 256
146, 257
146, 258
146, 259
146, 260
146, 251
146, 252
146, 253
146, 254
146, 255
19, 256
19, 257
19, 258
19, 259
19, 260
19, 251
19, 252
19, 253
19, 254
19, 255
147, 256
147, 257
147, 258
147, 259
147, 260
147, 251
147, 252
147, 253
147, 254
147, 255
20, 256
20, 257
20, 258
20, 259
20, 260
20, 251
20, 252
20, 253
20, 254
20, 255
148, 256
148, 257
148, 258
148, 259
148, 260
148, 251
148, 252
148, 253
148, 254
148, 255
21, 256
21, 257
21, 258
21, 259
21, 260
21, 251
21, 252
21, 253
21, 254
21, 255
149, 256
149, 257
149, 258
149, 259
149, 260
149, 251
149, 252
149, 253
149, 254
149, 255
22, 256
22, 257
22, 258
22, 259
22, 260
22, 251
22, 252
22, 253
22, 254
22, 255
150, 256
150, 257
150, 258
150, 259
150, 260
150, 251
150, 252
150, 253
150, 254
150, 255
23, 256
23, 257
23, 258
23, 259
23, 260
23, 251
23, 252
23, 253
23, 254
23, 255
151, 256
151, 257
151, 258
151, 259
151, 260
151, 251
151, 252
151, 253
151, 254
151, 255
24, 256
24, 257
24, 258
24, 259
24, 260
24, 251
24, 252
24, 253
24, 254
24, 255
152, 256
152, 257
152, 258
152, 259
152, 260
152, 251
152, 252
152, 253
152, 254
152, 255
25, 256
25, 257
25, 258
25, 259
25, 260
25, 251
25, 252
25, 253
25, 254
25, 255
153, 256
153, 257
153, 258
153, 259
153, 260
153, 251
153, 252
153, 253
153, 254
153, 255
26, 256
26, 257
26, 258
26, 259
26, 260
26, 251
26, 252
26, 253
26, 254
26, 255
154, 256
154, 257
154, 258
154, 259
154, 260
154, 251
154, 252
154, 253
154, 254
154, 255
27, 256
27, 257
27, 258
27, 259
27, 260
27, 251
27, 252
27, 253
27, 254
27, 255
155, 256
155, 257
155, 258
155, 259
155, 260
155, 251
155, 252
155, 253
155, 254
155, 255
28, 256
28, 257
28, 258
28, 259
28, 260
28, 251
28, 252
28, 253
28, 254
28, 255
156, 256
156, 257
156, 258
156, 259
156, 260
156, 251
156, 252
156, 253
156, 254
156, 255
29, 256
29, 257
29, 258
29, 259
29, 260
29, 251
29, 252
29, 253
29, 254
29, 255
157, 256
157, 257
157, 258
157, 259
157, 260
157, 251
157, 252
157, 253
157, 254
157, 255
30, 256
30, 257
30, 258
30, 259
30, 260
30, 251
30, 252
30, 253
30, 254
30, 255
158, 256
158, 257
158, 258
158, 259
158, 260
158, 251
158, 252
158, 253
158, 254
158, 255
31, 256
31, 257
31, 258
31, 259
31, 260
31, 251
31, 252
31, 253
31, 254
31, 255
159, 256
159, 257
159, 258
159, 259
159, 260
159, 251
159, 252
159, 253
159, 254
159, 255
32, 256
32, 257
32, 258
32, 259
32, 260
32, 251
32, 252
32, 253
32, 254
32, 255
160, 256
160, 257
160, 258
160, 259
160, 260
160, 251
160, 252
160, 253
160, 254
160, 255
33, 256
33, 257
33, 258
33, 259
33, 260
33, 251
33, 252
33, 253
33, 254
33, 255
161, 256
161, 257
161, 258
161, 259
161, 260
161, 251
161, 252
161, 253
161, 254
161, 255
34, 256
34, 257
34, 258
34, 259
34, 260
34, 251
34, 252
34, 253
34, 254
34, 255
162, 256
162, 257
162, 258
162, 259
162, 260
162, 251
162, 252
162, 253
162, 254
162, 255
35, 256
35, 257
35, 258
35, 259
35, 260
35, 251
35, 252
35, 253
35, 254
35, 255
163, 256
163, 257
163, 258
163, 259
163, 260
163, 251
163, 252
163, 253
163, 254
163, 255
36, 256
36, 257
36, 258
36, 259
36, 260
36, 251
36, 252
36, 253
36, 254
36, 255
164, 256
164, 257
164, 258
164, 259
164, 260
164, 251
164, 252
164, 253
164, 254
164, 255
37, 256
37, 257
37, 258
37, 259
37, 260
37, 251
37, 252
37, 253
37, 254
37, 255
165, 256
165, 257
165, 258
165, 259
165, 260
165, 251
165, 252
165, 253
165, 254
165, 255
38, 256
38, 257
38, 258
38, 259
38, 260
38, 251
38, 252
38, 253
38, 254
38, 255
166, 256
166, 257
166, 258
166, 259
166, 260
166, 251
166, 252
166, 253
166, 254
166, 255
39, 256
39, 257
39, 258
39, 259
39, 260
39, 251
39, 252
39, 253
39, 254
39, 255
167, 256
167, 257
167, 258
167, 259
167, 260
167, 251
167, 252
167, 253
167, 254
167, 255
40, 256
40, 257
40, 258
40, 259
40, 260
40, 251
40, 252
40, 253
40, 254
40, 255
168, 256
168, 257
168, 258
168, 259
168, 260
168, 251
168, 252
168, 253
168, 254
168, 255
41, 256
41, 257
41, 258
41, 259
41, 260
41, 251
41, 252
41, 253
41, 254
41, 255
169, 256
169, 257
169, 258
169, 259
169, 260
169, 251
169, 252
169, 253
169, 254
169, 255
42, 256
42, 257
42, 258
42, 259
42, 260
42, 251
42, 252
42, 253
42, 254
42, 255
170, 256
170, 257
170, 258
170, 259
170, 260
170, 251
170, 252
170, 253
170, 254
170, 255
43, 256
43, 257
43, 258
43, 259
43, 260
43, 251
43, 252
43, 253
43, 254
43, 255
171, 256
171, 257
171, 258
171, 259
171, 260
171, 251
171, 252
171, 253
171, 254
171, 255
44, 256
44, 257
44, 258
44, 259
44, 260
44, 251
44, 252
44, 253
44, 254
44, 255
172, 256
172, 257
172, 258
172, 259
172, 260
172, 251
172, 252
172, 253
172, 254
172, 255
45, 256
45, 257
45, 258
45, 259
45, 260
45, 251
45, 252
45, 253
45, 254
45, 255
173, 256
173, 257
173, 258
173, 259
173, 260
173, 251
173, 252
173, 253
173, 254
173, 255
46, 256
46, 257
46, 258
46, 259
46, 260
46, 251
46, 252
46, 253
46, 254
46, 255
174, 256
174, 257
174, 258
174, 259
174, 260
174, 251
174, 252
174, 253
174, 254
174, 255
47, 256
47, 257
47, 258
47, 259
47, 260
47, 251
47, 252
47, 253
47, 254
47, 255
175, 256
175, 257
175, 258
175, 259
175, 260
175, 251
175, 252
175, 253
175, 254
175, 255
48, 256
48, 257
48, 258
48, 259
48, 260
48, 251
48, 252
48, 253
48, 254
48, 255
176, 256
176, 257
176, 258
176, 259
176, 260
176, 251
176, 252
176, 253
176, 254
176, 255
49, 256
49, 257
49, 258
49, 259
49, 260
49, 251
49, 252
49, 253
49, 254
49, 255
177, 256
177, 257
177, 258
177, 259
177, 260
177, 251
177, 252
177, 253
177, 254
177, 255
50, 256
50, 257
50, 258
50, 259
50, 260
50, 251
50, 252
50, 253
50, 254
50, 255
178, 256
178, 257
178, 258
178, 259
178, 260
178, 251
178, 252
178, 253
178, 254
178, 255
51, 256
51, 257
51, 258
51, 259
51, 260
51, 251
51, 252
51, 253
51, 254
51, 255
179, 256
179, 257
179, 258
179, 259
179, 260
179, 251
179, 252
179, 253
179, 254
179, 255
52, 256
52, 257
52, 258
52, 259
52, 260
52, 251
52, 252
52, 253
52, 254
52, 255
180, 256
180, 257
180, 258
180, 259
180, 260
180, 251
180, 252
180, 253
180, 254
180, 255
53, 256
53, 257
53, 258
53, 259
53, 260
53, 251
53, 252
53, 253
53, 254
53, 255
181, 256
181, 257
181, 258
181, 259
181, 260
181, 251
181, 252
181, 253
181, 254
181, 255
54, 256
54, 257
54, 258
54, 259
54, 260
54, 251
54, 252
54, 253
54, 254
54, 255
182, 256
182, 257
182, 258
182, 259
182, 260
182, 251
182, 252
182, 253
182, 254
182, 255
55, 256
55, 257
55, 258
55, 259
55, 260
55, 251
55, 252
55, 253
55, 254
55, 255
183, 256
183, 257
183, 258
183, 259
183, 260
183, 251
183, 252
183, 253
183, 254
183, 255
56, 256
56, 257
56, 258
56, 259
56, 260
56, 251
56, 252
56, 253
56, 254
56, 255
184, 256
184, 257
184, 258
184, 259
184, 260
184, 251
184, 252
184, 253
184, 254
184, 255
57, 256
57, 257
57, 258
57, 259
57, 260
57, 251
57, 252
57, 253
57, 254
57, 255
185, 256
185, 257
185, 258
185, 259
185, 260
185, 251
185, 252
185, 253
185, 254
185, 255
58, 256
58, 257
58, 258
58, 259
58, 260
58, 251
58, 252
58, 253
58, 254
58, 255
186, 256
186, 257
186, 258
186, 259
186, 260
186, 251
186, 252
186, 253
186, 254
186, 255
59, 256
59, 257
59, 258
59, 259
59, 260
59, 251
59, 252
59, 253
59, 254
59, 255
187, 256
187, 257
187, 258
187, 259
187, 260
187, 251
187, 252
187, 253
187, 254
187, 255
60, 256
60, 257
60, 258
60, 259
60, 260
60, 251
60, 252
60, 253
60, 254
60, 255
188, 256
188, 257
188, 258
188, 259
188, 260
188, 251
188, 252
188, 253
188, 254
188, 255
61, 256
61, 257
61, 258
61, 259
61, 260
61, 251
61, 252
61, 253
61, 254
61, 255
189, 256
189, 257
189, 258
189, 259
189, 260
189, 251
189, 252
189, 253
189, 254
189, 255
62, 256
62, 257
62, 258
62, 259
62, 260
62, 251
62, 252
62, 253
62, 254
62, 255
190, 256
190, 257
190, 258
190, 259
190, 260
190, 251
190, 252
190, 253
190, 254
190, 255
63, 256
63, 257
63, 258
63, 259
63, 260
63, 251
63, 252
63, 253
63, 254
63, 255
191, 256
191, 257
191, 258
191, 259
191, 260
191, 251
191, 252
191, 253
191, 254
191, 255
64, 256
64, 257
64, 258
64, 259
64, 260
64, 251
64, 252
64, 253
64, 254
64, 255
192, 256
192, 257
192, 258
192, 259
192, 260
192, 251
192, 252
192, 253
192, 254
192, 255
65, 256
65, 257
65, 258
65, 259
65, 260
65, 251
65, 252
65, 253
65, 254
65, 255
193, 256
193, 257
193, 258
193, 259
193, 260
193, 251
193, 252
193, 253
193, 254
193, 255
66, 256
66, 257
66, 258
66, 259
66, 260
66, 251
66, 252
66, 253
66, 254
66, 255
194, 256
194, 257
194, 258
194, 259
194, 260
194, 251
194, 252
194, 253
194, 254
194, 255
67, 256
67, 257
67, 258
67, 259
67, 260
67, 251
67, 252
67, 253
67, 254
67, 255
195, 256
195, 257
195, 258
195, 259
195, 260
195, 251
195, 252
195, 253
195, 254
195, 255
68, 256
68, 257
68, 258
68, 259
68, 260
68, 251
68, 252
68, 253
68, 254
68, 255
196, 256
196, 257
196, 258
196, 259
196, 260
196, 251
196, 252
196, 253
196, 254
196, 255
69, 256
69, 257
69, 258
69, 259
69, 260
69, 251
69, 252
69, 253
69, 254
69, 255
197, 256
197, 257
197, 258
197, 259
197, 260
197, 251
197, 252
197, 253
197, 254
197, 255
70, 256
70, 257
70, 258
70, 259
70, 260
70, 251
70, 252
70, 253
70, 254
70, 255
198, 256
198, 257
198, 258
198, 259
198, 260
198, 251
198, 252
198, 253
198, 254
198, 255
71, 256
71, 257
71, 258
71, 259
71, 260
71, 251
71, 252
71, 253
71, 254
71, 255
199, 256
199, 257
199, 258
199, 259
199, 260
199, 251
199, 252
199, 253
199, 254
199, 255
72, 256
72, 257
72, 258
72, 259
72, 260
72, 251
72, 252
72, 253
72, 254
72, 255
200, 256
200, 257
200, 258
200, 259
200, 260
200, 251
200, 252
200, 253
200, 254
200, 255
73, 256
73, 257
73, 258
73, 259
73, 260
73, 251
73, 252
73, 253
73, 254
73, 255
201, 256
201, 257
201, 258
201, 259
201, 260
201, 251
201, 252
201, 253
201, 254
201, 255
74, 256
74, 257
74, 258
74, 259
74, 260
74, 251
74, 252
74, 253
74, 254
74, 255
202, 256
202, 257
202, 258
202, 259
202, 260
202, 251
202, 252
202, 253
202, 254
202, 255
75, 256
75, 257
75, 258
75, 259
75, 260
75, 251
75, 252
75, 253
75, 254
75, 255
203, 256
203, 257
203, 258
203, 259
203, 260
203, 251
203, 252
203, 253
203, 254
203, 255
76, 256
76, 257
76, 258
76, 259
76, 260
76, 251
76, 252
76, 253
76, 254
76, 255
204, 256
204, 257
204, 258
204, 259
204, 260
204, 251
204, 252
204, 253
204, 254
204, 255
77, 256
77, 257
77, 258
77, 259
77, 260
77, 251
77, 252
77, 253
77, 254
77, 255
205, 256
205, 257
205, 258
205, 259
205, 260
205, 251
205, 252
205, 253
205, 254
205, 255
78, 256
78, 257
78, 258
78, 259
78, 260
78, 251
78, 252
78, 253
78, 254
78, 255
206, 256
206, 257
206, 258
206, 259
206, 260
206, 251
206, 252
206, 253
206, 254
206, 255
79, 256
79, 257
79, 258
79, 259
79, 260
79, 251
79, 252
79, 253
79, 254
79, 255
207, 256
207, 257
207, 258
207, 259
207, 260
207, 251
207, 252
207, 253
207, 254
207, 255
80, 256
80, 257
80, 258
80, 259
80, 260
80, 251
80, 252
80, 253
80, 254
80, 255
208, 256
208, 257
208, 258
208, 259
208, 260
208, 251
208, 252
208, 253
208, 254
208, 255
81, 256
81, 257
81, 258
81, 259
81, 260
81, 251
81, 252
81, 253
81, 254
81, 255
209, 256
209, 257
209, 258
209, 259
209, 260
209, 251
209, 252
209, 253
209, 254
209, 255
82, 256
82, 257
82, 258
82, 259
82, 260
82, 251
82, 252
82, 253
82, 254
82, 255
210, 256
210, 257
210, 258
210, 259
210, 260
210, 251
210, 252
210, 253
210, 254
210, 255
83, 256
83, 257
83, 258
83, 259
83, 260
83, 251
83, 252
83, 253
83, 254
83, 255
211, 256
211, 257
211, 258
211, 259
211, 260
211, 251
211, 252
211, 253
211, 254
211, 255
84, 256
84, 257
84, 258
84, 259
84, 260
84, 251
84, 252
84, 253
84, 254
84, 255
212, 256
212, 257
212, 258
212, 259
212, 260
212, 251
212, 252
212, 253
212, 254
212, 255
85, 256
85, 257
85, 258
85, 259
85, 260
85, 251
85, 252
85, 253
85, 254
85, 255
213, 256
213, 257
213, 258
213, 259
213, 260
213, 251
213, 252
213, 253
213, 254
213, 255
86, 256
86, 257
86, 258
86, 259
86, 260
86, 251
86, 252
86, 253
86, 254
86, 255
214, 256
214, 257
214, 258
214, 259
214, 260
214, 251
214, 252
214, 253
214, 254
214, 255
87, 256
87, 257
87, 258
87, 259
87, 260
87, 251
87, 252
87, 253
87, 254
87, 255
215, 256
215, 257
215, 258
215, 259
215, 260
215, 251
215, 252
215, 253
215, 254
215, 255
88, 256
88, 257
88, 258
88, 259
88, 260
88, 251
88, 252
88, 253
88, 254
88, 255
216, 256
216, 257
216, 258
216, 259
216, 260
216, 251
216, 252
216, 253
216, 254
216, 255
89, 256
89, 257
89, 258
89, 259
89, 260
89, 251
89, 252
89, 253
89, 254
89, 255
217, 256
217, 257
217, 258
217, 259
217, 260
217, 251
217, 252
217, 253
217, 254
217, 255
90, 256
90, 257
90, 258
90, 259
90, 260
90, 251
90, 252
90, 253
90, 254
90, 255
218, 256
218, 257
218, 258
218, 259
218, 260
218, 251
218, 252
218, 253
218, 254
218, 255
91, 256
91, 257
91, 258
91, 259
91, 260
91, 251
91, 252
91, 253
91, 254
91, 255
219, 256
219, 257
219, 258
219, 259
219, 260
219, 251
219, 252
219, 253
219, 254
219, 255
92, 256
92, 257
92, 258
92, 259
92, 260
92, 251
92, 252
92, 253
92, 254
92, 255
220, 256
220, 257
220, 258
220, 259
220, 260
220, 251
220, 252
220, 253
220, 254
220, 255
93, 256
93, 257
93, 258
93, 259
93, 260
93, 251
93, 252
93, 253
93, 254
93, 255
221, 256
221, 257
221, 258
221, 259
221, 260
221, 251
221, 252
221, 253
221, 254
221, 255
94, 256
94, 257
94, 258
94, 259
94, 260
94, 251
94, 252
94, 253
94, 254
94, 255
222, 256
222, 257
222, 258
222, 259
222, 260
222, 251
222, 252
222, 253
222, 254
222, 255
95, 256
95, 257
95, 258
95, 259
95, 260
95, 251
95, 252
95, 253
95, 254
95, 255
223, 256
223, 257
223, 258
223, 259
223, 260
223, 251
223, 252
223, 253
223, 254
223, 255
96, 256
96, 257
96, 258
96, 259
96, 260
96, 251
96, 252
96, 253
96, 254
96, 255
224, 256
224, 257
224, 258
224, 259
224, 260
224, 251
224, 252
224, 253
224, 254
224, 255
97, 256
97, 257
97, 258
97, 259
97, 260
97, 251
97, 252
97, 253
97, 254
97, 255
225, 256
225, 257
225, 258
225, 259
225, 260
225, 251
225, 252
225, 253
225, 254
225, 255
98, 256
98, 257
98, 258
98, 259
98, 260
98, 251
98, 252
98, 253
98, 254
98, 255
226, 256
226, 257
226, 258
226, 259
226, 260
226, 251
226, 252
226, 253
226, 254
226, 255
99, 256
99, 257
99, 258
99, 259
99, 260
99, 251
99, 252
99, 253
99, 254
99, 255
227, 256
227, 257
227, 258
227, 259
227, 260
227, 251
227, 252
227, 253
227, 254
227, 255
100, 256
100, 257
100, 258
100, 259
100, 260
100, 251
100, 252
100, 253
100, 254
100, 255
228, 256
228, 257
228, 258
228, 259
228, 260
228, 251
228, 252
228, 253
228, 254
228, 255
101, 256
101, 257
101, 258
101, 259
101, 260
101, 251
101, 252
101, 253
101, 254
101, 255
229, 256
229, 257
229, 258
229, 259
229, 260
229, 251
229, 252
229, 253
229, 254
229, 255
102, 256
102, 257
102, 258
102, 259
102, 260
102, 251
102, 252
102, 253
102, 254
102, 255
230, 256
230, 257
230, 258
230, 259
230, 260
230, 251
230, 252
230, 253
230, 254
230, 255
103, 256
103, 257
103, 258
103, 259
103, 260
103, 251
103, 252
103, 253
103, 254
103, 255
231, 256
231, 257
231, 258
231, 259
231, 260
231, 251
231, 252
231, 253
231, 254
231, 255
104, 256
104, 257
104, 258
104, 259
104, 260
104, 251
104, 252
104, 253
104, 254
104, 255
232, 256
232, 257
232, 258
232, 259
232, 260
232, 251
232, 252
232, 253
232, 254
232, 255
105, 256
105, 257
105, 258
105, 259
105, 260
105, 251
105, 252
105, 253
105, 254
105, 255
233, 256
233, 257
233, 258
233, 259
233, 260
233, 251
233, 252
233, 253
233, 254
233, 255
106, 256
106, 257
106, 258
106, 259
106, 260
106, 251
106, 252
106, 253
106, 254
106, 255
234, 256
234, 257
234, 258
234, 259
234, 260
234, 251
234, 252
234, 253
234, 254
234, 255
107, 256
107, 257
107, 258
107, 259
107, 260
107, 251
107, 252
107, 253
107, 254
107, 255
235, 256
235, 257
235, 258
235, 259
235, 260
235, 251
235, 252
235, 253
235, 254
235, 255
108, 256
108, 257
108, 258
108, 259
108, 260
108, 251
108, 252
108, 253
108, 254
108, 255
236, 256
236, 257
236, 258
236, 259
236, 260
236, 251
236, 252
236, 253
236, 254
236, 255
109, 256
109, 257
109, 258
109, 259
109, 260
109, 251
109, 252
109, 253
109, 254
109, 255
237, 256
237, 257
237, 258
237, 259
237, 260
237, 251
237, 252
237, 253
237, 254
237, 255
110, 256
110, 257
110, 258
110, 259
110, 260
110, 251
110, 252
110, 253
110, 254
110, 255
238, 256
238, 257
238, 258
238, 259
238, 260
238, 251
238, 252
238, 253
238, 254
238, 255
111, 256
111, 257
111, 258
111, 259
111, 260
111, 251
111, 252
111, 253
111, 254
111, 255
239, 256
239, 257
239, 258
239, 259
239, 260
239, 251
239, 252
239, 253
239, 254
239, 255
112, 256
112, 257
112, 258
112, 259
112, 260
112, 251
112, 252
112, 253
112, 254
112, 255
240, 256
240, 257
240, 258
240, 259
240, 260
240, 251
240, 252
240, 253
240, 254
240, 255
113, 256
113, 257
113, 258
113, 259
113, 260
113, 251
113, 252
113, 253
113, 254
113, 255
241, 256
241, 257
241, 258
241, 259
241, 260
241, 251
241, 252
241, 253
241, 254
241, 255
114, 256
114, 257
114, 258
114, 259
114, 260
114, 251
114, 252
114, 253
114, 254
114, 255
242, 256
242, 257
242, 258
242, 259
242, 260
242, 251
242, 252
242, 253
242, 254
242, 255
115, 256
115, 257
115, 258
115, 259
115, 260
115, 251
115, 252
115, 253
115, 254
115, 255
243, 256
243, 257
243, 258
243, 259
243, 260
243, 251
243, 252
243, 253
243, 254
243, 255
116, 256
116, 257
116, 258
116, 259
116, 260
116, 251
116, 252
116, 253
116, 254
116, 255
244, 256
244, 257
244, 258
244, 259
244, 260
244, 251
244, 252
244, 253
244, 254
244, 255
117, 256
117, 257
117, 258
117, 259
117, 260
117, 251
117, 252
117, 253
117, 254
117, 255
245, 256
245, 257
245, 258
245, 259
245, 260
245, 251
245, 252
245, 253
245, 254
245, 255
118, 256
118, 257
118, 258
118, 259
118, 260
118, 251
118, 252
118, 253
118, 254
118, 255
246, 256
246, 257
246, 258
246, 259
246, 260
246, 251
246, 252
246, 253
246, 254
246, 255
119, 256
119, 257
119, 258
119, 259
119, 260
119, 251
119, 252
119, 253
119, 254
119, 255
247, 256
247, 257
247, 258
247, 259
247, 260
247, 251
247, 252
247, 253
247, 254
247, 255
120, 256
120, 257
120, 258
120, 259
120, 260
120, 251
120, 252
120, 253
120, 254
120, 255
248, 256
248, 257
248, 258
248, 259
248, 260
248, 251
248, 252
248, 253
248, 254
248, 255
121, 256
121, 257
121, 258
121, 259
121, 260
121, 251
121, 252
121, 253
121, 254
121, 255
249, 256
249, 257
249, 258
249, 259
249, 260
249, 251
249, 252
249, 253
249, 254
249, 255
122, 256
122, 257
122, 258
122, 259
122, 260
122, 251
122, 252
122, 253
122, 254
122, 255
250, 256
250, 257
250, 258
250, 259
250, 260
250, 251
250, 252
250, 253
250, 254
250, 255
123, 256
123, 257
123, 258
123, 259
123, 260
123, 251
123, 252
123, 253
123, 254
123, 255
251, 256
251, 257
251, 258
251, 259
251, 260
251, 252
251, 253
251, 254
251, 255
124, 256
124, 257
124, 258
124, 259
124, 260
124, 251
124, 252
124, 253
124, 254
124, 255
252, 260
252, 259
252, 258
252, 257
252, 256
252, 255
252, 254
252, 253
125, 256
125, 257
125, 258
125, 259
125, 260
125, 251
125, 252
125, 253
125, 254
125, 255
253, 260
253, 259
253, 258
253, 257
253, 256
253, 255
253, 254
126, 256
126, 257
126, 258
126, 259
126, 260
126, 251
126, 252
126, 253
126, 254
126, 255
254, 260
254, 259
254, 258
254, 257
254, 256
254, 255
127, 256
127, 257
127, 258
127, 259
127, 260
127, 251
127, 252
127, 253
127, 254
127, 255
255, 260
255, 259
255, 258
255, 257
255, 256
